3.877540475571187861e-01
3.889959019233623083e-01
3.902448993186345416e-01
3.915011009117271290e-01
3.927645685740583370e-01
3.940353648898385908e-01
3.953135531664173641e-01
3.965991974448094259e-01
3.978923625104081596e-01
3.991931139038857879e-01
4.005015179322901631e-01
4.018176416803336815e-01
4.031415530218879772e-01
4.044733206316815100e-01
4.058130139972082051e-01
4.071607034308481476e-01
4.085164600822112635e-01
4.098803559506978833e-01
4.112524638982935077e-01
4.126328576625925004e-01
4.140216118700614789e-01
4.154188020495466205e-01
4.168245046460251624e-01
4.182387970346154726e-01
4.196617575348431384e-01
4.210934654251726750e-01
4.225340009578092415e-01
4.239834453737789666e-01
4.254418809182876071e-01
4.269093908563715289e-01
4.283860594888428408e-01
4.298719721685351214e-01
4.313672153168583434e-01
4.328718764406704334e-01
4.343860441494669655e-01
4.359098081729045893e-01
4.374432593786593548e-01
4.389864897906302077e-01
4.405395926074937019e-01
4.421026622216223112e-01
4.436757942383658393e-01
4.452590854957150790e-01
4.468526340843488320e-01
4.484565393680752243e-01
4.500709020046793074e-01
4.516958239671792219e-01
4.533314085655097414e-01
4.549777604686353616e-01
4.566349857271083112e-01
4.583031917960774804e-01
4.599824875587650852e-01
4.616729833504118474e-01
4.633747909827156120e-01
4.650880237687626262e-01
4.668127965484710207e-01
4.685492257145550399e-01
4.702974292390264544e-01
4.720575267002387054e-01
4.738296393104959869e-01
4.756138899442362011e-01
4.774104031668012782e-01
4.792193052638105133e-01
4.810407242711551290e-01
4.828747900056196696e-01
4.847216340961585934e-01
4.865813900158348360e-01
4.884541931144399385e-01
4.903401806518161155e-01
4.922394918318896417e-01
4.941522678374432043e-01
4.960786518656400412e-01
4.980187891643201858e-01
4.999728270690889098e-01
5.019409150412200704e-01
5.039232047063879616e-01
5.059198498942588662e-01
5.079310066789580747e-01
5.099568334204374054e-01
5.119974908067651542e-01
5.140531418973679489e-01
5.161239521672386088e-01
5.182100895521498662e-01
5.203117244948894937e-01
5.224290299925490322e-01
5.245621816448926555e-01
5.267113577038394778e-01
5.288767391240786209e-01
5.310585096148627837e-01
5.332568556929994097e-01
5.354719667370796410e-01
5.377040350429779236e-01
5.399532558806512395e-01
5.422198275522840394e-01
5.445039514518088541e-01
5.468058321258423282e-01
5.491256773360783106e-01
5.514636981231795243e-01
5.538201088722022325e-01
5.561951273796107431e-01
5.585889749219152822e-01
5.610018763259854158e-01
5.634340600410886468e-01
5.658857582126946006e-01
5.683572067581090792e-01
5.708486454439813951e-01
5.733603179657443816e-01
5.758924720290413690e-01
5.784453594331990800e-01
5.810192361568126129e-01
5.836143624454908085e-01
5.862310029018452662e-01
5.888694265777765224e-01
5.915299070691310002e-01
5.942127226128042228e-01
5.969181561863542429e-01
5.996464956102153243e-01
6.023980336525812662e-01
6.051730681370454112e-01
6.079719020530807150e-01
6.107948436694524696e-01
6.136422066506440620e-01
6.165143101764060107e-01
6.194114790645149915e-01
6.223340438968474331e-01
6.252823411488793726e-01
6.282567133227067169e-01
6.312575090837183600e-01
6.342850834010270722e-01
6.373397976917820618e-01
6.404220199694928839e-01
6.435321249964972568e-01
6.466704944406973521e-01
6.498375170367242104e-01
6.530335887516617310e-01
6.562591129554912195e-01
6.595145005964085927e-01
6.628001703811895462e-01
6.661165489607534518e-01
6.694640711211288231e-01
6.728431799799828861e-01
6.762543271889208674e-01
6.796979731417470694e-01
6.831745871889003396e-01
6.866846478582703250e-01
6.902286430826307662e-01
6.938070704339163175e-01
6.974204373645837007e-01
7.010692614563193148e-01
7.047540706763407714e-01
7.084754036415844558e-01
7.122338098910516724e-01
7.160298501666176874e-01
7.198640967026055382e-01
7.237371335244644488e-01
7.276495567568606049e-01
7.316019749415670903e-01
7.355950093654881616e-01
7.396292943992199831e-01
7.437054778465341798e-01
7.478242213052130882e-01
7.519862005396503735e-01
7.561921058656954076e-01
7.604426425481973784e-01
7.647385312117498390e-01
7.690805082651521740e-01
7.734693263401342112e-01
7.779057547448912091e-01
7.823905799330440614e-01
7.869246059886254585e-01
7.915086551277480398e-01
7.961435682176190021e-01
8.008302053136300280e-01
8.055694462152412916e-01
8.103621910414554597e-01
8.152093608266828273e-01
8.201118981378631156e-01
8.250707677137192331e-01
8.300869571271071168e-01
8.351614774714184453e-01
8.402953640720910444e-01
8.454896772242915803e-01
8.507455029579273909e-01
8.560639538311566321e-01
8.614461697536807128e-01
8.668933188411106494e-01
8.724065983018112203e-01
8.779872353576756439e-01
8.836364882003543419e-01
8.893556469845687040e-01
8.951460348601868455e-01
9.010090090448666933e-01
9.069459619391367911e-01
9.129583222859093405e-01
9.190475563764988198e-01
9.252151693053755066e-01
9.314627062759516241e-01
9.377917539598781271e-01
9.442039419124250710e-01
9.507009440466908101e-01
9.572844801695156169e-01
9.639563175821734831e-01
9.707182727490446528e-01
9.775722130377036967e-01
9.845200585340190269e-01
9.915637839361018946e-01
9.987054205311295396e-01
1.005947058259362148e+00
1.013290847869865008e+00
1.020739003172781212e+00
1.028293803393257599e+00
1.035957595632435835e+00
1.043732797441295324e+00
1.051621899513435876e+00
1.059627468503327119e+00
1.067752149976923581e+00
1.075998671502004678e+00
1.084369845886056893e+00
1.092868574570055040e+00
1.101497851186988397e+00
1.110260765294626584e+00
1.119160506292599555e+00
1.128200367534573534e+00
1.137383750647005476e+00
1.146714170066786442e+00
1.156195257810870958e+00
1.165830768491961544e+00
1.175624584595264199e+00
1.185580722032390177e+00
1.195703335989662497e+00
1.205996727089301057e+00
1.216465347883286086e+00
1.227113809701211089e+00
1.237946889874964818e+00
1.248969539364789050e+00
1.260186890813173477e+00
1.271604267054976090e+00
1.283227190114437866e+00
1.295061390722074046e+00
1.307112818387069275e+00
1.319387652063580330e+00
1.331892311452508970e+00
1.344633468983574831e+00
1.357618062526299685e+00
1.370853308882451715e+00
1.384346718116956643e+00
1.398106108789051838e+00
1.412139624150826611e+00
1.426455749385983074e+00
1.441063329968153672e+00
1.455971591225036388e+00
1.471190159202340419e+00
1.486729082930129398e+00
1.502598858203407994e+00
1.518810452999316052e+00
1.535375334664657698e+00
1.552305499020284030e+00
1.569613501542850953e+00
1.587312490800224296e+00
1.605416244334050724e+00
1.623939207202465429e+00
1.642896533417387950e+00
1.662304130534933089e+00
1.682178707684282459e+00
1.702537827350533828e+00
1.723399961260561053e+00
1.744784550758898156e+00
1.766712072103048925e+00
1.789204107155457635e+00
1.812283420003414136e+00
1.835974040099028537e+00
1.860301352580331136e+00
1.885292196512836416e+00
1.910974971879535467e+00
1.937379756248275076e+00
1.964538432160715109e+00
1.992484826418306820e+00
2.021254862591461698e+00
2.050886728250500113e+00
2.081421058615517516e+00
2.112901138550772107e+00
2.145373125093401168e+00
2.178886293011629505e+00
2.213493306242553693e+00
2.249250518472063920e+00
2.286218306601044858e+00
2.324461441405057727e+00
2.364049500355754230e+00
2.405057328349539336e+00
2.447565553007163608e+00
2.491661162294620979e+00
2.537438153507040273e+00
2.584998264197087448e+00
2.634451797471161427e+00
2.685918556289485615e+00
2.739528904073433857e+00
2.795424972153007559e+00
2.853762038513179444e+00
2.914710107092473912e+00
2.978455722768163394e+00
3.045204064413125966e+00
3.115181367391787415e+00
3.188637738050779102e+00
3.265850436771888798e+00
3.347127723806700317e+00
3.432813384483194064e+00
3.523292078910998715e+00
3.618995697955920576e+00
3.720410954645084534e+00
3.828088501911770081e+00
3.942653948676162923e+00
4.064821253629129494e+00
4.195409119509925233e+00
4.335361204028758131e+00
4.485771226830097547e+00
4.647914414008480044e+00
4.823287225290835423e+00
5.013658017548341839e+00
5.221132307517463822e+00
5.448237752907466813e+00
5.698036101611937632e+00
5.974272521297722349e+00
6.281577488402369625e+00
6.625743716096245350e+00
7.014111968833142363e+00
7.456117615290330569e+00
7.964078769480153142e+00
8.554354322003653976e+00
9.249078855533982235e+00
1.007881293831835379e+01
1.108666601092084036e+01
1.233480110046673417e+01
1.391473829621875602e+01
1.596334361732913010e+01
1.868557799672114683e+01
2.237748540280458442e+01
2.740850384600060963e+01
3.401040973389097388e+01
4.154906619075362784e+01
4.753151995172377298e+01
4.907738354702752304e+01
4.705581382334523965e+01
4.509537640839853623e+01
4.560277668414185825e+01
4.919923480742070865e+01
5.510603266801533806e+01
6.068498618397777022e+01
6.285329852933723771e+01
6.227727901888936657e+01
6.274305238350583380e+01
6.711564051386775986e+01
7.659589633056718583e+01
9.089322044123618127e+01
1.069532609563014205e+02
1.190264176046285627e+02
1.237094012217954173e+02
1.227451855548999049e+02
1.198106902268775400e+02
1.184946560136679068e+02
1.188113023371499537e+02
1.164914375802033959e+02
1.092964912763406318e+02
1.003577877886692988e+02
9.311826987515465248e+01
8.653231319811878564e+01
7.819440951454505750e+01
6.933061074835448778e+01
6.273814560611265989e+01
5.973418574852906460e+01
6.049179573039168645e+01
6.469254168218202494e+01
7.102521576525393243e+01
7.650333604072407923e+01
7.888710943002932652e+01
8.017781239089319456e+01
8.366887936075318066e+01
8.959207069682027225e+01
9.535822833149181577e+01
1.001974694484883059e+02
1.075639442075528365e+02
1.207247102303642237e+02
1.389863511020091096e+02
1.577406803766856171e+02
1.720208096754296605e+02
1.779859564192246069e+02
1.716394039555970608e+02
1.551242639528161931e+02
1.384211231805359716e+02
1.294088696027584717e+02
1.302049896958053523e+02
1.385927694185034795e+02
1.483607191854839016e+02
1.529771286987193832e+02
1.511128912733212530e+02
1.433293687458316583e+02
1.304007846151792478e+02
1.167220719050271640e+02
1.073752022745406833e+02
1.035943356830286177e+02
1.026185479188922045e+02
1.013543240554074742e+02
1.007846473536514651e+02
1.033716963376841846e+02
1.075865252949214437e+02
1.077700660630660536e+02
1.004818438310548174e+02
8.903529996093855914e+01
7.892835342961014078e+01
7.294883066380987202e+01
7.164403507635501001e+01
7.496497385420890680e+01
8.264374463671403248e+01
9.332651321152567903e+01
1.039122389920055554e+02
1.119067292514812237e+02
1.172619838976076352e+02
1.209365664353018275e+02
1.248901842726032925e+02
1.293151932706117009e+02
1.320786428917052433e+02
1.321777421808379813e+02
1.305167631906724353e+02
1.283183012135223180e+02
1.260725370229548616e+02
1.253218603955563140e+02
1.264613178615354059e+02
1.283752272776681593e+02
1.316320230130374398e+02
1.359337875049729121e+02
1.386900542871063351e+02
1.380055600987567175e+02
1.334180794820250355e+02
1.259993461530540202e+02
1.191623136025918228e+02
1.174768274772567196e+02
1.234612175790563953e+02
1.362676781780064914e+02
1.507374872563603958e+02
1.595251819925487382e+02
1.596138620768544456e+02
1.526044200703174454e+02
1.415823757232483047e+02
1.312606650432088315e+02
1.260211758259598867e+02
1.262935031648890316e+02
1.291111827420027680e+02
1.328013464053136374e+02
1.376664117463052719e+02
1.409869970342381578e+02
1.391962456385357711e+02
1.345855404151475625e+02
1.325436490013159982e+02
1.345528877696490895e+02
1.384914686192109627e+02
1.438712162897929545e+02
1.514247468622731390e+02
1.600271364382344075e+02
1.688502788091529681e+02
1.780296903025090387e+02
1.880156642680901200e+02
1.987032416115403350e+02
2.095222419442559953e+02
2.198498913182710623e+02
2.282539032188683450e+02
2.318990820080109643e+02
2.289243272839571546e+02
2.214500462309003979e+02
2.122071328846259348e+02
2.019353249580782688e+02
1.913625034783364072e+02
1.806192046039451213e+02
1.692843357438186445e+02
1.578860790196866901e+02
1.471835734031446634e+02
1.372632047930179624e+02
1.293191959805457429e+02
1.234287375156967101e+02
1.177310978261849215e+02
1.130317602705377169e+02
1.122574645109927616e+02
1.158680784762102860e+02
1.207917123304727482e+02
1.236125828706800149e+02
1.234011642995474034e+02
1.212303236938528670e+02
1.199939761857267513e+02
1.209387379683748804e+02
1.224856656626973574e+02
1.252537405780260968e+02
1.329843180172721588e+02
1.476158699467878819e+02
1.662717071313001895e+02
1.827324939961574728e+02
1.934370148769963862e+02
1.989798906696016445e+02
2.008604168997665340e+02
1.999992945826955406e+02
1.951346469935958226e+02
1.849847653843720821e+02
1.724080778910462470e+02
1.623818719672352415e+02
1.557858616541380741e+02
1.499657080493050501e+02
1.434201769590468700e+02
1.372112218042650511e+02
1.340172000468820954e+02
1.340806464600779577e+02
1.354972285201766056e+02
1.381640210381604561e+02
1.412698780010687187e+02
1.411795746786404777e+02
1.365708745037838412e+02
1.301065611474727746e+02
1.233950549588485046e+02
1.166035222802914433e+02
1.119917379734578020e+02
1.112177963188833161e+02
1.123942798170858737e+02
1.130706553197627784e+02
1.145136036597166651e+02
1.187955126833337260e+02
1.249000428804266534e+02
1.318069357039616989e+02
1.417447218554796962e+02
1.555821156028251835e+02
1.690770029920522290e+02
1.766210464683069290e+02
1.757629811610801767e+02
1.681628129129744877e+02
1.595813438504526687e+02
1.554998230432863977e+02
1.559563441563797994e+02
1.578477714761894219e+02
1.597856732819255967e+02
1.627491032865904401e+02
1.682249290164922684e+02
1.740520527316467110e+02
1.771077059760452812e+02
1.792641817373912261e+02
1.827673995360756862e+02
1.856509878959729747e+02
1.845285811203623325e+02
1.788889014009101857e+02
1.719400448059402322e+02
1.659932627992176890e+02
1.616329575650228207e+02
1.572510247123762497e+02
1.506121200356283509e+02
1.425051602111438740e+02
1.357078718955930299e+02
1.305684960450052472e+02
1.262988790116107367e+02
1.248795265725541412e+02
1.279393699626531031e+02
1.336958858267048242e+02
1.399599364111595889e+02
1.460125282007806788e+02
1.489823039632831865e+02
1.469063336889221034e+02
1.438029763494867268e+02
1.434755462329258364e+02
1.441896223463824924e+02
1.427910565781774324e+02
1.393211338946804574e+02
1.362882383525995920e+02
1.341782797218573933e+02
1.309279058516261500e+02
1.253887768295952299e+02
1.182504332439816608e+02
1.127893511275090361e+02
1.122599197006037031e+02
1.168882970987307601e+02
1.240044177988499996e+02
1.314791196309515726e+02
1.406646362676679018e+02
1.523220736646728710e+02
1.640374382183291289e+02
1.735836842967597136e+02
1.806062828900108457e+02
1.865929110302009235e+02
1.932756443752813027e+02
1.991640173844427864e+02
1.996688446399260215e+02
1.913814593998335454e+02
1.775213092285715959e+02
1.653165618272054189e+02
1.572974280797223798e+02
1.517244599689979623e+02
1.476477805268229702e+02
1.446283181138822442e+02
1.438077050708615445e+02
1.475111903196589935e+02
1.548285539720865529e+02
1.622311447852900130e+02
1.671299629885734532e+02
1.684511116204892289e+02
1.674186266162142545e+02
1.665543464382051013e+02
1.668188599291461856e+02
1.680385192012653590e+02
1.683397046766122287e+02
1.658165943292073337e+02
1.629539899562945493e+02
1.633471477915678065e+02
1.662138635059490070e+02
1.685915882036950961e+02
1.688028989265466464e+02
1.670018636401881906e+02
1.654616196258090781e+02
1.666893887976899009e+02
1.696611638514070535e+02
1.713523374555490477e+02
1.700655605075839105e+02
1.662095021313064649e+02
1.620838895173723415e+02
1.594386786896798753e+02
1.584623862440189725e+02
1.598617694483781406e+02
1.632537392677185721e+02
1.677552392126954715e+02
1.736465042482447814e+02
1.818387907681865272e+02
1.921449025909855663e+02
2.001937331142165988e+02
2.023641825477089924e+02
1.994625483414739335e+02
1.935417065353326791e+02
1.866242025707147150e+02
1.799409671543546381e+02
1.741884351000122138e+02
1.702945526452870411e+02
1.698694313564524805e+02
1.722403379033655426e+02
1.739622819034613883e+02
1.740643010148859560e+02
1.749527786592936422e+02
1.781029707193058300e+02
1.834850236901773144e+02
1.895936087912458561e+02
1.923736281592524051e+02
1.895503227499769991e+02
1.848765255244529158e+02
1.832566138255702981e+02
1.835638362134820625e+02
1.818421612748061875e+02
1.769419183457661120e+02
1.701104365448720444e+02
1.629799395441079639e+02
1.568638797758257510e+02
1.533184910741237559e+02
1.514113975283798368e+02
1.472421172721751077e+02
1.397657617057842288e+02
1.327373691463139664e+02
1.294228439550626035e+02
1.287061510624318714e+02
1.285657576913348805e+02
1.295827938492741112e+02
1.315258799936565595e+02
1.327166309280958671e+02
1.327943681736585120e+02
1.321720080329353664e+02
1.327569789900616684e+02
1.356649511750529484e+02
1.385060489630956511e+02
1.389581026171858014e+02
1.378672901292763413e+02
1.388212233581067210e+02
1.437587919742883003e+02
1.493516786621944163e+02
1.503952273230648018e+02
1.449102496953269963e+02
1.351149873540865656e+02
1.261696694978812019e+02
1.226395752250120381e+02
1.252264443673494441e+02
1.308366461057154879e+02
1.358009419189391735e+02
1.390811153403748790e+02
1.418367304957015449e+02
1.465508234589384244e+02
1.525876176610732102e+02
1.547091309551512097e+02
1.503978887784079461e+02
1.420988879817780628e+02
1.333740907874471588e+02
1.285522245120545506e+02
1.304084901034393340e+02
1.379909829395275835e+02
1.474637630944288844e+02
1.558419442452985777e+02
1.631368811703449637e+02
1.710819733825645983e+02
1.795080861480743408e+02
1.846865824220109857e+02
1.842292613412779758e+02
1.815013727070814582e+02
1.822976212097355528e+02
1.869382888765099153e+02
1.905180400239108849e+02
1.901358213744233865e+02
1.874365215279747758e+02
1.854957085528775167e+02
1.852277923856692610e+02
1.856536039791891710e+02
1.849362189146555124e+02
1.812291754025690125e+02
1.742687967110690010e+02
1.659643592951829021e+02
1.587411273569358627e+02
1.532668947847120648e+02
1.510583693495072453e+02
1.544782301608099999e+02
1.622313403967305021e+02
1.697938734480165692e+02
1.749179022128556653e+02
1.794999716272047010e+02
1.854349872983806904e+02
1.927933669088452859e+02
2.008799643218055451e+02
2.079096421767562219e+02
2.113450110953584442e+02
2.093202643771123803e+02
2.022020234609472595e+02
1.927014126519164847e+02
1.845436399331119617e+02
1.795233580055765685e+02
1.782085725873002957e+02
1.810355871913983208e+02
1.862264390801891807e+02
1.916998329668262784e+02
1.965399318231839629e+02
2.001119483901113654e+02
2.014728223295341252e+02
2.003772211662048903e+02
1.982118229823698812e+02
1.966082754800555961e+02
1.947000948312994240e+02
1.915224922831308731e+02
1.884734604931764750e+02
1.859757183068475968e+02
1.829732815649922486e+02
1.793435289261298635e+02
1.757020291786894859e+02
1.723701125819405888e+02
1.698775233358942671e+02
1.693278673376276515e+02
1.719762365172195757e+02
1.755121975506211243e+02
1.763601034139359740e+02
1.761316548602588057e+02
1.775182907357811075e+02
1.781473173933927114e+02
1.738327157116765989e+02
1.640520982198342494e+02
1.539669348478869892e+02
1.500557593099299538e+02
1.549736088575399720e+02
1.663609273491425427e+02
1.777948805820523432e+02
1.838547913279217312e+02
1.851961946184266594e+02
1.867645822328200609e+02
1.909368305184746646e+02
1.929669585362804867e+02
1.876270894206357411e+02
1.782527973462705120e+02
1.720037732897830551e+02
1.693129993826673285e+02
1.645358813707901504e+02
1.567657675918613336e+02
1.523667756044534372e+02
1.566273349529369909e+02
1.697529249422893542e+02
1.860160170324477917e+02
1.960445931631157066e+02
1.957562083101617816e+02
1.883424945537665280e+02
1.770312216329896273e+02
1.646765724133062179e+02
1.557554213361383404e+02
1.529269738604002953e+02
1.543275749827588186e+02
1.571206747719092505e+02
1.606985867857902122e+02
1.655393877902953079e+02
1.729264298096270807e+02
1.815920893142036050e+02
1.866481951831420361e+02
1.851812572914070643e+02
1.808205066867748201e+02
1.790895139488076211e+02
1.810824279715075704e+02
1.856988871625625563e+02
1.902656120197927692e+02
1.908855380218424500e+02
1.868803450918262570e+02
1.807677253162916600e+02
1.751005280208125328e+02
1.714751736893857981e+02
1.709286265143224739e+02
1.723545577025339526e+02
1.736443656168690666e+02
1.722030355995593425e+02
1.674293288673231643e+02
1.630853301263046546e+02
1.619055833541858362e+02
1.630423223943309097e+02
1.654656024705576272e+02
1.672688390384535353e+02
1.666145279387885694e+02
1.659978798331943608e+02
1.699458664706024251e+02
1.784365845088608751e+02
1.862608094757351580e+02
1.884873600474888633e+02
1.846898084827361686e+02
1.776128067816437408e+02
1.689628843481548017e+02
1.598125581117992340e+02
1.526688525569602461e+02
1.501376471890675646e+02
1.511733623372452655e+02
1.528931317426656733e+02
1.542575155519791110e+02
1.558979846669708706e+02
1.592110512281518027e+02
1.630898097676707152e+02
1.650179584872327325e+02
1.657700790955146033e+02
1.682273789078515165e+02
1.723732689540873935e+02
1.759338850268338490e+02
1.773790335842076331e+02
1.763079402024102080e+02
1.731788761456743941e+02
1.688845688797601383e+02
1.644678886954932864e+02
1.606503151722298242e+02
1.582582968354531943e+02
1.570601594950587696e+02
1.558755417173090905e+02
1.544639871425464435e+02
1.537223686082873542e+02
1.544445468486393054e+02
1.550431404183684378e+02
1.540674187325327580e+02
1.524480557244155534e+02
1.522501763463963016e+02
1.537275643518100026e+02
1.566708374276733480e+02
1.608006847850910788e+02
1.639570301157592951e+02
1.633174170140871695e+02
1.577011461631457792e+02
1.511799736103610314e+02
1.495546909718736970e+02
1.534899211300521245e+02
1.582082167443720664e+02
1.600067495693587318e+02
1.606100462209921034e+02
1.612782541710132591e+02
1.581925834184344524e+02
1.482967271139956722e+02
1.332127006406619216e+02
1.173705381897164841e+02
1.054223444555139935e+02
9.968835193152077068e+01
1.003888010292457409e+02
1.064135107517502519e+02
1.150609677704688920e+02
1.236053600226459963e+02
1.321980515845261266e+02
1.403431857346207323e+02
1.440435327628473487e+02
1.433605291696829624e+02
1.445075795901850029e+02
1.504963247974649789e+02
1.564401585446695151e+02
1.544673548110214654e+02
1.433921187572134954e+02
1.304295139784373703e+02
1.226439451642979463e+02
1.217206696288815522e+02
1.248006055280525288e+02
1.278911756278165655e+02
1.293814038017279131e+02
1.292580765153751088e+02
1.285238707900620909e+02
1.275866225149504061e+02
1.258869130719180021e+02
1.236146025886483812e+02
1.207344061169311686e+02
1.185293732595443288e+02
1.181484472744963767e+02
1.178172777560578766e+02
1.159438227476408372e+02
1.122745254193803532e+02
1.073851638918354467e+02
1.045019250782279272e+02
1.068751867686770538e+02
1.145773490038155984e+02
1.237387399523687321e+02
1.288192704006664826e+02
1.276473244695792886e+02
1.218899483010681593e+02
1.137270286775223127e+02
1.063841097654206322e+02
1.031456721093897926e+02
1.040178231910906419e+02
1.059095540332197203e+02
1.069678861295685977e+02
1.085968470256404004e+02
1.109811862548756380e+02
1.126454204679118902e+02
1.141936814650560308e+02
1.161192225297307203e+02
1.173366693495566579e+02
1.182544227610441538e+02
1.192154767180727077e+02
1.202881269677851463e+02
1.240109333974035337e+02
1.317346808181922029e+02
1.397545956181018880e+02
1.431497844900738698e+02
1.424237215854302860e+02
1.408472211544203674e+02
1.395591068724602621e+02
1.393011167318578032e+02
1.400339364897932342e+02
1.413852427874109594e+02
1.437435479815314920e+02
1.469204309956068357e+02
1.508141867189475249e+02
1.531206967605016303e+02
1.507968852724642943e+02
1.452472268618314786e+02
1.391453704153615547e+02
1.338479924910250531e+02
1.309856313476364562e+02
1.301621621013370884e+02
1.300399794585414099e+02
1.310272654899505369e+02
1.325829169925575570e+02
1.336568928300559946e+02
1.342277532810769571e+02
1.345112820315132467e+02
1.351387018819325476e+02
1.345192133321932602e+02
1.301865640139357936e+02
1.231547745812484180e+02
1.174188579701645665e+02
1.148473128710036235e+02
1.134094114914995970e+02
1.118945867312078803e+02
1.115304633590781549e+02
1.118500886600320001e+02
1.119763478087105710e+02
1.138460321706259180e+02
1.180069383997436034e+02
1.199821784590385789e+02
1.152828566056810331e+02
1.063148386955266034e+02
9.917172516877438682e+01
9.723260105945898601e+01
1.000551787302132283e+02
1.044992833032391246e+02
1.080192084799467693e+02
1.116572823665441803e+02
1.163459698137083080e+02
1.208299643848256721e+02
1.250897830343021013e+02
1.291096617985505191e+02
1.310925220349596145e+02
1.304610432624715202e+02
1.294212724121744031e+02
1.315217586812619857e+02
1.367575414596691417e+02
1.406440796236995538e+02
1.394977186244267671e+02
1.334388865530704038e+02
1.246379458154671767e+02
1.169121849788976277e+02
1.144082122884539956e+02
1.184494048639416519e+02
1.264714316081798415e+02
1.333495627594219854e+02
1.361311245298230688e+02
1.370395924846719140e+02
1.395903456055935408e+02
1.427981079297402118e+02
1.429133083355329745e+02
1.386174753150942820e+02
1.311510185203152901e+02
1.227332681920103283e+02
1.170391901550859473e+02
1.164344987205889197e+02
1.191602294131819093e+02
1.213237772937179955e+02
1.209601072954190926e+02
1.183481555565991101e+02
1.158691661840275060e+02
1.156618753275519254e+02
1.164389259348665036e+02
1.166689200360830085e+02
1.168914652989596021e+02
1.168101077102146093e+02
1.169875623488075433e+02
1.200537221325757145e+02
1.258629609099935749e+02
1.300382129924420838e+02
1.293855985738507002e+02
1.266243913243774841e+02
1.276480373859600235e+02
1.356586315277277492e+02
1.484735931595693330e+02
1.590576206162498920e+02
1.608791250079497104e+02
1.549509978687549108e+02
1.475604841984571465e+02
1.416856753958723516e+02
1.378523031679196720e+02
1.365601383428345628e+02
1.350445052511314543e+02
1.293445743976898257e+02
1.200458290158585015e+02
1.119589103164197184e+02
1.088293177441652091e+02
1.105294796274762490e+02
1.139630003338223361e+02
1.171819010082464700e+02
1.223526315389018180e+02
1.314832447174374295e+02
1.429130338615371727e+02
1.538454856373020334e+02
1.616843240440551597e+02
1.637047584782885679e+02
1.611604767128668243e+02
1.577147205902493852e+02
1.565005909102386283e+02
1.586234772120938885e+02
1.602173230194848657e+02
1.577204658795301953e+02
1.536366794096362867e+02
1.503271972071028131e+02
1.465549382235964799e+02
1.414231849760633111e+02
1.365686090929428076e+02
1.360252155649023678e+02
1.423109871287487636e+02
1.535566132674180437e+02
1.648569744867693601e+02
1.716848857900795906e+02
1.717674608318342280e+02
1.665007648842770323e+02
1.590147610195942605e+02
1.518204244807144505e+02
1.457397179000520282e+02
1.418943484780878350e+02
1.426864646940758234e+02
1.478337951989497014e+02
1.545138495151611551e+02
1.612744132864966105e+02
1.678984227264178912e+02
1.748242530402268926e+02
1.830976249763019723e+02
1.932807966453746644e+02
2.022510452000383623e+02
2.044862567906465642e+02
1.981640594572386362e+02
1.868610238015243112e+02
1.763687319848800144e+02
1.692768590384186211e+02
1.665375990061955065e+02
1.680635759113461916e+02
1.693582337490702230e+02
1.661111345051304227e+02
1.595912242209618910e+02
1.529457566476193051e+02
1.496882633771826079e+02
1.521131117273438065e+02
1.574121735091529786e+02
1.601263169685606442e+02
1.594813174883899194e+02
1.578605967609295817e+02
1.534897481597245132e+02
1.445122987222294455e+02
1.354303964772599898e+02
1.316592082795658882e+02
1.337161879926435404e+02
1.379027891594137429e+02
1.406608681284549220e+02
1.409910845470740526e+02
1.395921703794568032e+02
1.373380406092201156e+02
1.350870670410947412e+02
1.336962136493393984e+02
1.312969268346750198e+02
1.253713539873439231e+02
1.161277040881923597e+02
1.070392005072000217e+02
1.021223581201379460e+02
1.033610572454048082e+02
1.110732811277787562e+02
1.240496399088226696e+02
1.389875100256274720e+02
1.523949080399499678e+02
1.633098558193395036e+02
1.727285246371915548e+02
1.817116010696016133e+02
1.898793764498813346e+02
1.950462400231771198e+02
1.967748409081590069e+02
1.964134613051982114e+02
1.930810166145653852e+02
1.868765015973511936e+02
1.778429920889200844e+02
1.656249581712185943e+02
1.534774246539612648e+02
1.440006789587471019e+02
1.361990739611107699e+02
1.295248225115244054e+02
1.235484254249800813e+02
1.174292626827635502e+02
1.128922051618985591e+02
1.115028287193756711e+02
1.114190543396176025e+02
1.106977360544967297e+02
1.109774981925375386e+02
1.137470965760424946e+02
1.173522237843772871e+02
1.207821294654565918e+02
1.253700067288438760e+02
1.300276638523029646e+02
1.312725158564227854e+02
1.285586435551249167e+02
1.258887063742198222e+02
1.276804138726492539e+02
1.341920789300812658e+02
1.422488894164665396e+02
1.492385856531969068e+02
1.532414357424011939e+02
1.529449169673618201e+02
1.500648046192256402e+02
1.471036777799624531e+02
1.453875679453313126e+02
1.464050301571170110e+02
1.486718168037620842e+02
1.478457140089091695e+02
1.439936790261905628e+02
1.423001738037658583e+02
1.452024136283518203e+02
1.484350068378778076e+02
1.469229802011213621e+02
1.429162498562464236e+02
1.410548066466993191e+02
1.411579833696158346e+02
1.411833816386713067e+02
1.406474843795094500e+02
1.405775537010428025e+02
1.425550999678040114e+02
1.444632192334788954e+02
1.421646240791052946e+02
1.363405282417563740e+02
1.308700682281743184e+02
1.265015576989776633e+02
1.227654508274267897e+02
1.214777398350948232e+02
1.231496343317961504e+02
1.257241644243181469e+02
1.290344841937892113e+02
1.345535452415238922e+02
1.411911329056641478e+02
1.470180563019012823e+02
1.511469961931121588e+02
1.530327236590451321e+02
1.536212527857432519e+02
1.556651938634381622e+02
1.605473916878005411e+02
1.656130689529237543e+02
1.674802081418523017e+02
1.651338828774565854e+02
1.612822021978049065e+02
1.604752740264669058e+02
1.639513799288141911e+02
1.696822635243977970e+02
1.754000671911556708e+02
1.779051912046459165e+02
1.758091614222309715e+02
1.713047450039138084e+02
1.675152401837661102e+02
1.660402025913057287e+02
1.655497524155294968e+02
1.646770808112786426e+02
1.637609172662093329e+02
1.637143025148808135e+02
1.641039776031993540e+02
1.642447891795843304e+02
1.637119540951715067e+02
1.625331570174211606e+02
1.611481707242977279e+02
1.600010076817429194e+02
1.584482108200066364e+02
1.560546079938310982e+02
1.535871604176478229e+02
1.525473588963057807e+02
1.532375989777310679e+02
1.562275652831247328e+02
1.614522934932418536e+02
1.650988957122494583e+02
1.638363531183699422e+02
1.586236108031273773e+02
1.528725157990861874e+02
1.502369005144612970e+02
1.506586374481816790e+02
1.501216176904175086e+02
1.465778001679360045e+02
1.429875696912661738e+02
1.433309554918598678e+02
1.476694930197394910e+02
1.540733020892857894e+02
1.623060998328909079e+02
1.712741742335803963e+02
1.786464413116360959e+02
1.836226018258522288e+02
1.855185922047518545e+02
1.831882508931994096e+02
1.786245992481649694e+02
1.747745368461483508e+02
1.729696344386085798e+02
1.727789113945881354e+02
1.715104423289127453e+02
1.660000285378312697e+02
1.560762460232863873e+02
1.469573628609019238e+02
1.435078970748043048e+02
1.446911878273364493e+02
1.450855427501707595e+02
1.415290303341266167e+02
1.365331618231945754e+02
1.332031762748011090e+02
1.308898828847328843e+02
1.285877185390143609e+02
1.262602672000268740e+02
1.233319546742268926e+02
1.206112491849546160e+02
1.183948913370086018e+02
1.157737337558345416e+02
1.145537779422619735e+02
1.174680919651247564e+02
1.239827275480947293e+02
1.312471787323871126e+02
1.381686502256849280e+02
1.446562525746850838e+02
1.498644479924133464e+02
1.537633110941015104e+02
1.571895072383073568e+02
1.601184320762552034e+02
1.603186447820527007e+02
1.559630740183490332e+02
1.477429480487273850e+02
1.392005726024886485e+02
1.338255531126825133e+02
1.312417468427338179e+02
1.300350073091428840e+02
1.314364290430904418e+02
1.353994649863491020e+02
1.383479721726018852e+02
1.376804196169167938e+02
1.348924086712301857e+02
1.330168313155159865e+02
1.324176070391148983e+02
1.330907507066709456e+02
1.369062622998442578e+02
1.433204577077894442e+02
1.488989755086026889e+02
1.523005976841144218e+02
1.562043409489924386e+02
1.633990302397979804e+02
1.717298090516833042e+02
1.764829912762006643e+02
1.754560794418226806e+02
1.694042000957715857e+02
1.610327006899466369e+02
1.536890384148169346e+02
1.475165119463251528e+02
1.392604292743446592e+02
1.278245980179093095e+02
1.165956296692517071e+02
1.100345244404241782e+02
1.100298052523342704e+02
1.153270990652728472e+02
1.217051681288306497e+02
1.244392312688676725e+02
1.225000599999342370e+02
1.193367067860760073e+02
1.189714612609965485e+02
1.215154130899059908e+02
1.250435729315623519e+02
1.305206811347514417e+02
1.394480673413999057e+02
1.486700234788917783e+02
1.527180826424972508e+02
1.499709344668552831e+02
1.438467099982880484e+02
1.398133981591744828e+02
1.399064599039774066e+02
1.398545052440557299e+02
1.349042833929096048e+02
1.273894957982653580e+02
1.229300274620339763e+02
1.230867574542667597e+02
1.253957566816283276e+02
1.285508797130962648e+02
1.329670357083636816e+02
1.353183828164234797e+02
1.313317498273179638e+02
1.241826994803736710e+02
1.207987238177238680e+02
1.244586856878443371e+02
1.334301583170252172e+02
1.419186574651205888e+02
1.452393000596304091e+02
1.448564257903571786e+02
1.436704504269017946e+02
1.422218680243103393e+02
1.398732835412342581e+02
1.343541029191374321e+02
1.247169397149155827e+02
1.141138508554458468e+02
1.073664770226486525e+02
1.071054905309007523e+02
1.130378924929666482e+02
1.221438650972842623e+02
1.300641328227800670e+02
1.335572742702204323e+02
1.303214246179769873e+02
1.212555587885249366e+02
1.118531165045915969e+02
1.074174313751596088e+02
1.099801328193508567e+02
1.185685334346920001e+02
1.290801875475891904e+02
1.361228207863062494e+02
1.382221671298877368e+02
1.380316801481856146e+02
1.361916544827728615e+02
1.306972859044944357e+02
1.218687575922296702e+02
1.137999549086302693e+02
1.109112584409507463e+02
1.149552195465919908e+02
1.248058554098475241e+02
1.369243824099799554e+02
1.477444425116171658e+02
1.549847599539685632e+02
1.571083538970334246e+02
1.555155939366340476e+02
1.529321980070405971e+02
1.507256815902186418e+02
1.486591564035423971e+02
1.433436760962218273e+02
1.330547876704308123e+02
1.222158126670483398e+02
1.163504681725943044e+02
1.178083451165250750e+02
1.259302145087545171e+02
1.371373159003816795e+02
1.464082242151419848e+02
1.521705833795355431e+02
1.579358394776251657e+02
1.664839099146606145e+02
1.749344243136839339e+02
1.804692842713151606e+02
1.853793076978015790e+02
1.901366717387375900e+02
1.912315818983331894e+02
1.873633381049575917e+02
1.813868723732310571e+02
1.755162014396446466e+02
1.693283227256191026e+02
1.628885522706051461e+02
1.575290569034916928e+02
1.536689341282850307e+02
1.511632791011535062e+02
1.485818447857399462e+02
1.419190798426642175e+02
1.308525134663956919e+02
1.207288667145836882e+02
1.160183441002383091e+02
1.168139380126885243e+02
1.198833046386323105e+02
1.225907150492016342e+02
1.252357173725104786e+02
1.277383671186911016e+02
1.298730907517592925e+02
1.323993821987763226e+02
1.348143678007446624e+02
1.368243409256779728e+02
1.381423351982321606e+02
1.378847014331605010e+02
1.360098535390526138e+02
1.336019562836324610e+02
1.319496077446847835e+02
1.305375374461044373e+02
1.293161853910413015e+02
1.284299455835973731e+02
1.272895786482330323e+02
1.265844662535343872e+02
1.263620572595488198e+02
1.269130306705322795e+02
1.306090651709719452e+02
1.372211203789105127e+02
1.417778124751133646e+02
1.406256842690870030e+02
1.355965668776603934e+02
1.291991783960800717e+02
1.235355142901540120e+02
1.220906183960942286e+02
1.264317908376262949e+02
1.338575281643985022e+02
1.395143477025753214e+02
1.411626550782917775e+02
1.404159667491680636e+02
1.393542973349311183e+02
1.393423735076094374e+02
1.430721212946293690e+02
1.510794686912062446e+02
1.588836340388553765e+02
1.616149390672323989e+02
1.591053986480218612e+02
1.550479432464194929e+02
1.536652988346746440e+02
1.553537823076193547e+02
1.570983227534229343e+02
1.563000135504993864e+02
1.518774522453570910e+02
1.455648207292717302e+02
1.413965618141567120e+02
1.411043145457881565e+02
1.425067341358481485e+02
1.437518470100223453e+02
1.446796209881956941e+02
1.463336732060534473e+02
1.497028832584153122e+02
1.529638851666219921e+02
1.541219488910151370e+02
1.535026702320803622e+02
1.517273798742509712e+02
1.472140444599008333e+02
1.393533888996207111e+02
1.314466329306319210e+02
1.274102818820020246e+02
1.271819470431705525e+02
1.282841833007986452e+02
1.310495922188314921e+02
1.371913860740836242e+02
1.442745166530417293e+02
1.474761749211201902e+02
1.470667316405725273e+02
1.480705708868972863e+02
1.526878869568559765e+02
1.593872265085361448e+02
1.666270289077895939e+02
1.717895899180669801e+02
1.731117607747987677e+02
1.725199832785717433e+02
1.702205219229884392e+02
1.648344289553358237e+02
1.592042920560820107e+02
1.571147106108865046e+02
1.582749374623139431e+02
1.611831061916154795e+02
1.641893161832954320e+02
1.641354482534277395e+02
1.613074048192382293e+02
1.597876791205428333e+02
1.610220497377381719e+02
1.638553135755163623e+02
1.667908543324429900e+02
1.670713011570468893e+02
1.647845034419096351e+02
1.640087206170526031e+02
1.661662589792609310e+02
1.685204918269245979e+02
1.690464827680830808e+02
1.678890056874907657e+02
1.650823223098953463e+02
1.603255964262386897e+02
1.552208674810219691e+02
1.532067444329722719e+02
1.554639616096661712e+02
1.597510485328479319e+02
1.645035914385421165e+02
1.697942926174276863e+02
1.766953703150716990e+02
1.857677499726811448e+02
1.959891883272345581e+02
2.050934654750545576e+02
2.110402759057896844e+02
2.142369225907410453e+02
2.142369225907410453e+02
2.110402759057896844e+02
2.050934654750569450e+02
1.959891883272375424e+02
1.857677499726811448e+02
1.766953703150716990e+02
1.697942926174276863e+02
1.645035914385421165e+02
1.597510485328490688e+02
1.554639616096661712e+02
1.532067444329722719e+02
1.552208674810219691e+02
1.603255964262386897e+02
1.650823223098953463e+02
1.678890056874902541e+02
1.690464827680830808e+02
1.685204918269245979e+02
1.661662589792609310e+02
1.640087206170526031e+02
1.647845034419088108e+02
1.670713011570464346e+02
1.667908543324429900e+02
1.638553135755163623e+02
1.610220497377381719e+02
1.597876791205428333e+02
1.613074048192372913e+02
1.641354482534277395e+02
1.641893161832954320e+02
1.611831061916154795e+02
1.582749374623139431e+02
1.571147106108865046e+02
1.592042920560809023e+02
1.648344289553358237e+02
1.702205219229884392e+02
1.725199832785717433e+02
1.731117607747987677e+02
1.717895899180669801e+02
1.666270289077913276e+02
1.593872265085361448e+02
1.526878869568559765e+02
1.480705708868972863e+02
1.470667316405725273e+02
1.474761749211205313e+02
1.442745166530433778e+02
1.371913860740836242e+02
1.310495922188314921e+02
1.282841833007986452e+02
1.271819470431705525e+02
1.274102818820016978e+02
1.314466329306319210e+02
1.393533888996207111e+02
1.472140444599008333e+02
1.517273798742509712e+02
1.535026702320803622e+02
1.541219488910150801e+02
1.529638851666219921e+02
1.497028832584153122e+02
1.463336732060534473e+02
1.446796209881956941e+02
1.437518470100226295e+02
1.425067341358488022e+02
1.411043145457881565e+02
1.413965618141567120e+02
1.455648207292717302e+02
1.518774522453570910e+02
1.563000135504983916e+02
1.570983227534229343e+02
1.553537823076193547e+02
1.536652988346746440e+02
1.550479432464194929e+02
1.591053986480218612e+02
1.616149390672325410e+02
1.588836340388553765e+02
1.510794686912062446e+02
1.430721212946293690e+02
1.393423735076094374e+02
1.393542973349311183e+02
1.404159667491680068e+02
1.411626550782917775e+02
1.395143477025753214e+02
1.338575281643985022e+02
1.264317908376262949e+02
1.220906183960949676e+02
1.235355142901531167e+02
1.291991783960800717e+02
1.355965668776603934e+02
1.406256842690870030e+02
1.417778124751133646e+02
1.372211203789124170e+02
1.306090651709719452e+02
1.269130306705322795e+02
1.263620572595488198e+02
1.265844662535343872e+02
1.272895786482330323e+02
1.284299455835971742e+02
1.293161853910413015e+02
1.305375374461044373e+02
1.319496077446847835e+02
1.336019562836324610e+02
1.360098535390519885e+02
1.378847014331601599e+02
1.381423351982321606e+02
1.368243409256779728e+02
1.348143678007446624e+02
1.323993821987763226e+02
1.298730907517598894e+02
1.277383671186917553e+02
1.252357173725104786e+02
1.225907150492016342e+02
1.198833046386323105e+02
1.168139380126885243e+02
1.160183441002381244e+02
1.207288667145836882e+02
1.308525134663956919e+02
1.419190798426642175e+02
1.485818447857399462e+02
1.511632791011535062e+02
1.536689341282842634e+02
1.575290569034916928e+02
1.628885522706051461e+02
1.693283227256191026e+02
1.755162014396446466e+02
1.813868723732293233e+02
1.873633381049558579e+02
1.912315818983331894e+02
1.901366717387375900e+02
1.853793076978015790e+02
1.804692842713151606e+02
1.749344243136859518e+02
1.664839099146606145e+02
1.579358394776251657e+02
1.521705833795355431e+02
1.464082242151419848e+02
1.371373159003816795e+02
1.259302145087577571e+02
1.178083451165250750e+02
1.163504681725943044e+02
1.222158126670483398e+02
1.330547876704308123e+02
1.433436760962195535e+02
1.486591564035416582e+02
1.507256815902186418e+02
1.529321980070405971e+02
1.555155939366340476e+02
1.571083538970334246e+02
1.549847599539699274e+02
1.477444425116200648e+02
1.369243824099799554e+02
1.248058554098475241e+02
1.149552195465919908e+02
1.109112584409507463e+02
1.137999549086285072e+02
1.218687575922296702e+02
1.306972859044944357e+02
1.361916544827728615e+02
1.380316801481856146e+02
1.382221671298877368e+02
1.361228207863074431e+02
1.290801875475891904e+02
1.185685334346920001e+02
1.099801328193508567e+02
1.074174313751596088e+02
1.118531165045895790e+02
1.212555587885220092e+02
1.303214246179769873e+02
1.335572742702204323e+02
1.300641328227800670e+02
1.221438650972842623e+02
1.130378924929678846e+02
1.071054905309012639e+02
1.073664770226484251e+02
1.141138508554458468e+02
1.247169397149155827e+02
1.343541029191374321e+02
1.398732835412341728e+02
1.422218680243102540e+02
1.436704504269013682e+02
1.448564257903571786e+02
1.452393000596304091e+02
1.419186574651193382e+02
1.334301583170265530e+02
1.244586856878451897e+02
1.207987238177238680e+02
1.241826994803736710e+02
1.313317498273179638e+02
1.353183828164233944e+02
1.329670357083646763e+02
1.285508797130974017e+02
1.253957566816283276e+02
1.230867574542667597e+02
1.229300274620339763e+02
1.273894957982645053e+02
1.349042833929087521e+02
1.398545052440553889e+02
1.399064599039774066e+02
1.398133981591744828e+02
1.438467099982880484e+02
1.499709344668547999e+02
1.527180826424973077e+02
1.486700234788917783e+02
1.394480673413999057e+02
1.305206811347514417e+02
1.250435729315630056e+02
1.215154130899064455e+02
1.189714612609968327e+02
1.193367067860760073e+02
1.225000599999342370e+02
1.244392312688676725e+02
1.217051681288311187e+02
1.153270990652740409e+02
1.100298052523345262e+02
1.100345244404241782e+02
1.165956296692517071e+02
1.278245980179093095e+02
1.392604292743432097e+02
1.475165119463237602e+02
1.536890384148159399e+02
1.610327006899466369e+02
1.694042000957715857e+02
1.754560794418226806e+02
1.764829912762010338e+02
1.717298090516843274e+02
1.633990302397979804e+02
1.562043409489924386e+02
1.523005976841144218e+02
1.488989755086032858e+02
1.433204577077904105e+02
1.369062622998449967e+02
1.330907507066709456e+02
1.324176070391148983e+02
1.330168313155159865e+02
1.348924086712298163e+02
1.376804196169162537e+02
1.383479721726019136e+02
1.353994649863491020e+02
1.314364290430904418e+02
1.300350073091428840e+02
1.312417468427336189e+02
1.338255531126817743e+02
1.392005726024874832e+02
1.477429480487273850e+02
1.559630740183490332e+02
1.603186447820525586e+02
1.601184320762556865e+02
1.571895072383077547e+02
1.537633110941015104e+02
1.498644479924133464e+02
1.446562525746850838e+02
1.381686502256859228e+02
1.312471787323878516e+02
1.239827275480957667e+02
1.174680919651247564e+02
1.145537779422619735e+02
1.157737337558345416e+02
1.183948913370083886e+02
1.206112491849547439e+02
1.233319546742259831e+02
1.262602672000268740e+02
1.285877185390143609e+02
1.308898828847328843e+02
1.332031762748003985e+02
1.365331618231939785e+02
1.415290303341266167e+02
1.450855427501707595e+02
1.446911878273364493e+02
1.435078970748044185e+02
1.469573628609001616e+02
1.560762460232838293e+02
1.660000285378312697e+02
1.715104423289127453e+02
1.727789113945881354e+02
1.729696344386086366e+02
1.747745368461480382e+02
1.786245992481647704e+02
1.831882508931994096e+02
1.855185922047518545e+02
1.836226018258522288e+02
1.786464413116362380e+02
1.712741742335820732e+02
1.623060998328919879e+02
1.540733020892857894e+02
1.476694930197394910e+02
1.433309554918606352e+02
1.429875696912658896e+02
1.465778001679352087e+02
1.501216176904175086e+02
1.506586374481816790e+02
1.502369005144612970e+02
1.528725157990852495e+02
1.586236108031262120e+02
1.638363531183694306e+02
1.650988957122494583e+02
1.614522934932418536e+02
1.562275652831247328e+02
1.532375989777324321e+02
1.525473588963054681e+02
1.535871604176475955e+02
1.560546079938310982e+02
1.584482108200066364e+02
1.600010076817429194e+02
1.611481707242970742e+02
1.625331570174211038e+02
1.637119540951715067e+02
1.642447891795843304e+02
1.641039776031993540e+02
1.637143025148809841e+02
1.637609172662093329e+02
1.646770808112786426e+02
1.655497524155294968e+02
1.660402025913057287e+02
1.675152401837661102e+02
1.713047450039134958e+02
1.758091614222301189e+02
1.779051912046461723e+02
1.754000671911556708e+02
1.696822635243977970e+02
1.639513799288141911e+02
1.604752740264671615e+02
1.612822021978039118e+02
1.651338828774558465e+02
1.674802081418523017e+02
1.656130689529237543e+02
1.605473916877997169e+02
1.556651938634388443e+02
1.536212527857435077e+02
1.530327236590451321e+02
1.511469961931121588e+02
1.470180563019012823e+02
1.411911329056650288e+02
1.345535452415250006e+02
1.290344841937897229e+02
1.257241644243181469e+02
1.231496343317961504e+02
1.214777398350948232e+02
1.227654508274262639e+02
1.265015576989771375e+02
1.308700682281736363e+02
1.363405282417563740e+02
1.421646240791052946e+02
1.444632192334788954e+02
1.425550999678043240e+02
1.405775537010430583e+02
1.406474843795094500e+02
1.411833816386713067e+02
1.411579833696158346e+02
1.410548066466987223e+02
1.429162498562465089e+02
1.469229802011207937e+02
1.484350068378778076e+02
1.452024136283518203e+02
1.423001738037658583e+02
1.439936790261898238e+02
1.478457140089088853e+02
1.486718168037617431e+02
1.464050301571170110e+02
1.453875679453313126e+02
1.471036777799624531e+02
1.500648046192252991e+02
1.529449169673617632e+02
1.532414357424013076e+02
1.492385856531969068e+02
1.422488894164665396e+02
1.341920789300812658e+02
1.276804138726500497e+02
1.258887063742193675e+02
1.285586435551249167e+02
1.312725158564227854e+02
1.300276638523029646e+02
1.253700067288447002e+02
1.207821294654575439e+02
1.173522237843783245e+02
1.137470965760424946e+02
1.109774981925375386e+02
1.106977360544967297e+02
1.114190543396174178e+02
1.115028287193751879e+02
1.128922051618979623e+02
1.174292626827635502e+02
1.235484254249800813e+02
1.295248225115244054e+02
1.361990739611097752e+02
1.440006789587458513e+02
1.534774246539600142e+02
1.656249581712185943e+02
1.778429920889200844e+02
1.868765015973504546e+02
1.930810166145647031e+02
1.964134613051977567e+02
1.967748409081590069e+02
1.950462400231771198e+02
1.898793764498813346e+02
1.817116010696032049e+02
1.727285246371923790e+02
1.633098558193410099e+02
1.523949080399499678e+02
1.389875100256274720e+02
1.240496399088226696e+02
1.110732811277799499e+02
1.033610572454054761e+02
1.021223581201376049e+02
1.070392005072000217e+02
1.161277040881923597e+02
1.253713539873439231e+02
1.312969268346742524e+02
1.336962136493395406e+02
1.350870670410947412e+02
1.373380406092201156e+02
1.395921703794568032e+02
1.409910845470741094e+02
1.406608681284550926e+02
1.379027891594144535e+02
1.337161879926435404e+02
1.316592082795658882e+02
1.354303964772599898e+02
1.445122987222281381e+02
1.534897481597234048e+02
1.578605967609293828e+02
1.594813174883899194e+02
1.601263169685606442e+02
1.574121735091529786e+02
1.521131117273446023e+02
1.496882633771830342e+02
1.529457566476189072e+02
1.595912242209618910e+02
1.661111345051304227e+02
1.693582337490704219e+02
1.680635759113467884e+02
1.665375990061947391e+02
1.692768590384186211e+02
1.763687319848800144e+02
1.868610238015243112e+02
1.981640594572365899e+02
2.044862567906463084e+02
2.022510452000383623e+02
1.932807966453746644e+02
1.830976249763019723e+02
1.748242530402268926e+02
1.678984227264189428e+02
1.612744132864977189e+02
1.545138495151624056e+02
1.478337951989497014e+02
1.426864646940758234e+02
1.418943484780878350e+02
1.457397179000508345e+02
1.518204244807130010e+02
1.590147610195942605e+02
1.665007648842770323e+02
1.717674608318342280e+02
1.716848857900799317e+02
1.648569744867704401e+02
1.535566132674198627e+02
1.423109871287487636e+02
1.360252155649023678e+02
1.365686090929428076e+02
1.414231849760627426e+02
1.465549382235958547e+02
1.503271972071021310e+02
1.536366794096362867e+02
1.577204658795301953e+02
1.602173230194848657e+02
1.586234772120943433e+02
1.565005909102396231e+02
1.577147205902488167e+02
1.611604767128668243e+02
1.637047584782885679e+02
1.616843240440546765e+02
1.538454856373037103e+02
1.429130338615390485e+02
1.314832447174374295e+02
1.223526315389018180e+02
1.171819010082464700e+02
1.139630003338228477e+02
1.105294796274768885e+02
1.088293177441653228e+02
1.119589103164197184e+02
1.200458290158585015e+02
1.293445743976898257e+02
1.350445052511309711e+02
1.365601383428345059e+02
1.378523031679194730e+02
1.416856753958723516e+02
1.475604841984571465e+02
1.549509978687549108e+02
1.608791250079491988e+02
1.590576206162510005e+02
1.484735931595706973e+02
1.356586315277277492e+02
1.276480373859600235e+02
1.266243913243772425e+02
1.293855985738505012e+02
1.300382129924426522e+02
1.258629609099935749e+02
1.200537221325757145e+02
1.169875623488075433e+02
1.168101077102143250e+02
1.168914652989597442e+02
1.166689200360830796e+02
1.164389259348665036e+02
1.156618753275519254e+02
1.158691661840275060e+02
1.183481555565988117e+02
1.209601072954187941e+02
1.213237772937186492e+02
1.191602294131819093e+02
1.164344987205889197e+02
1.170391901550859473e+02
1.227332681920085236e+02
1.311510185203141248e+02
1.386174753150942820e+02
1.429133083355329745e+02
1.427981079297402118e+02
1.395903456055936829e+02
1.370395924846720561e+02
1.361311245298233246e+02
1.333495627594219854e+02
1.264714316081798415e+02
1.184494048639416519e+02
1.144082122884537256e+02
1.169121849788966756e+02
1.246379458154659687e+02
1.334388865530704038e+02
1.394977186244267671e+02
1.406440796236995538e+02
1.367575414596699943e+02
1.315217586812622130e+02
1.294212724121745453e+02
1.304610432624715202e+02
1.310925220349596145e+02
1.291096617985512296e+02
1.250897830343026271e+02
1.208299643848261979e+02
1.163459698137083080e+02
1.116572823665441803e+02
1.080192084799467693e+02
1.044992833032397783e+02
1.000551787302132993e+02
9.723260105945888654e+01
9.917172516877438682e+01
1.063148386955266034e+02
1.152828566056810331e+02
1.199821784590386926e+02
1.180069383997445840e+02
1.138460321706267138e+02
1.119763478087105710e+02
1.118500886600320001e+02
1.115304633590781549e+02
1.118945867312074398e+02
1.134094114914991849e+02
1.148473128710036235e+02
1.174188579701645665e+02
1.231547745812484180e+02
1.301865640139342588e+02
1.345192133321933738e+02
1.351387018819326329e+02
1.345112820315132467e+02
1.342277532810769571e+02
1.336568928300559946e+02
1.325829169925570739e+02
1.310272654899510769e+02
1.300399794585415520e+02
1.301621621013370884e+02
1.309856313476364562e+02
1.338479924910250531e+02
1.391453704153607021e+02
1.452472268618301712e+02
1.507968852724641522e+02
1.531206967605016303e+02
1.508141867189475249e+02
1.469204309956061820e+02
1.437435479815321457e+02
1.413852427874107889e+02
1.400339364897932342e+02
1.393011167318578032e+02
1.395591068724602621e+02
1.408472211544199695e+02
1.424237215854297176e+02
1.431497844900736993e+02
1.397545956181018880e+02
1.317346808181922029e+02
1.240109333974035337e+02
1.202881269677848479e+02
1.192154767180729635e+02
1.182544227610444523e+02
1.173366693495566579e+02
1.161192225297307203e+02
1.141936814650560308e+02
1.126454204679108813e+02
1.109811862548757944e+02
1.085968470256404004e+02
1.069678861295685977e+02
1.059095540332197203e+02
1.040178231910906419e+02
1.031456721093900200e+02
1.063841097654197938e+02
1.137270286775223127e+02
1.218899483010681593e+02
1.276473244695792886e+02
1.288192704006665963e+02
1.237387399523699685e+02
1.145773490038163942e+02
1.068751867686770538e+02
1.045019250782279272e+02
1.073851638918354467e+02
1.122745254193784490e+02
1.159438227476406951e+02
1.178172777560579618e+02
1.181484472744963767e+02
1.185293732595443288e+02
1.207344061169311686e+02
1.236146025886478981e+02
1.258869130719177747e+02
1.275866225149504061e+02
1.285238707900620909e+02
1.292580765153751088e+02
1.293814038017280268e+02
1.278911756278170770e+02
1.248006055280531825e+02
1.217206696288815522e+02
1.226439451642979463e+02
1.304295139784373703e+02
1.433921187572117333e+02
1.544673548110205559e+02
1.564401585446696288e+02
1.504963247974649789e+02
1.445075795901850029e+02
1.433605291696829624e+02
1.440435327628471498e+02
1.403431857346220397e+02
1.321980515845274340e+02
1.236053600226459963e+02
1.150609677704688920e+02
1.064135107517514456e+02
1.003888010292461672e+02
9.968835193152030172e+01
1.054223444555139935e+02
1.173705381897164841e+02
1.332127006406619216e+02
1.482967271139935974e+02
1.581925834184337134e+02
1.612782541710134581e+02
1.606100462209921034e+02
1.600067495693587318e+02
1.582082167443720664e+02
1.534899211300529487e+02
1.495546909718736970e+02
1.511799736103603209e+02
1.577011461631457792e+02
1.633174170140871695e+02
1.639570301157592951e+02
1.608006847850912777e+02
1.566708374276738027e+02
1.537275643518100026e+02
1.522501763463963016e+02
1.524480557244155534e+02
1.540674187325323885e+02
1.550431404183683242e+02
1.544445468486390496e+02
1.537223686082873542e+02
1.544639871425464435e+02
1.558755417173090905e+02
1.570601594950587980e+02
1.582582968354526827e+02
1.606503151722298526e+02
1.644678886954932864e+02
1.688845688797601383e+02
1.731788761456743941e+02
1.763079402024102933e+02
1.773790335842077468e+02
1.759338850268346164e+02
1.723732689540873935e+02
1.682273789078515165e+02
1.657700790955146033e+02
1.650179584872327325e+02
1.630898097676711416e+02
1.592110512281518027e+02
1.558979846669708706e+02
1.542575155519791110e+02
1.528931317426656449e+02
1.511733623372456350e+02
1.501376471890675646e+02
1.526688525569602461e+02
1.598125581117992340e+02
1.689628843481548017e+02
1.776128067816425755e+02
1.846898084827354580e+02
1.884873600474885222e+02
1.862608094757351580e+02
1.784365845088608751e+02
1.699458664706024251e+02
1.659978798331944461e+02
1.666145279387884557e+02
1.672688390384535353e+02
1.654656024705576272e+02
1.630423223943309097e+02
1.619055833541858931e+02
1.630853301263046546e+02
1.674293288673225675e+02
1.722030355995593425e+02
1.736443656168690666e+02
1.723545577025339526e+02
1.709286265143228150e+02
1.714751736893851728e+02
1.751005280208118506e+02
1.807677253162916600e+02
1.868803450918262570e+02
1.908855380218424500e+02
1.902656120197934229e+02
1.856988871625629542e+02
1.810824279715077978e+02
1.790895139488076211e+02
1.808205066867748201e+02
1.851812572914077464e+02
1.866481951831423771e+02
1.815920893142047134e+02
1.729264298096270807e+02
1.655393877902953079e+02
1.606985867857902122e+02
1.571206747719099610e+02
1.543275749827595007e+02
1.529269738604008069e+02
1.557554213361383404e+02
1.646765724133062179e+02
1.770312216329896273e+02
1.883424945537657038e+02
1.957562083101611279e+02
1.960445931631165593e+02
1.860160170324477917e+02
1.697529249422893542e+02
1.566273349529369909e+02
1.523667756044534372e+02
1.567657675918602251e+02
1.645358813707901504e+02
1.693129993826673285e+02
1.720037732897830551e+02
1.782527973462691762e+02
1.876270894206343485e+02
1.929669585362799182e+02
1.909368305184746646e+02
1.867645822328200609e+02
1.851961946184266594e+02
1.838547913279222428e+02
1.777948805820538780e+02
1.663609273491442764e+02
1.549736088575399720e+02
1.500557593099299538e+02
1.539669348478869892e+02
1.640520982198324305e+02
1.738327157116755473e+02
1.781473173933920577e+02
1.775182907357811075e+02
1.761316548602588057e+02
1.763601034139359740e+02
1.755121975506212380e+02
1.719762365172199736e+02
1.693278673376276515e+02
1.698775233358942671e+02
1.723701125819405888e+02
1.757020291786887469e+02
1.793435289261293804e+02
1.829732815649912823e+02
1.859757183068475968e+02
1.884734604931764750e+02
1.915224922831308731e+02
1.947000948312988271e+02
1.966082754800555392e+02
1.982118229823699380e+02
2.003772211662048903e+02
2.014728223295341252e+02
2.001119483901113654e+02
1.965399318231849008e+02
1.916998329668265058e+02
1.862264390801904881e+02
1.810355871913983208e+02
1.782085725873002957e+02
1.795233580055758580e+02
1.845436399331109385e+02
1.927014126519153479e+02
2.022020234609472595e+02
2.093202643771123803e+02
2.113450110953584442e+02
2.079096421767573304e+02
2.008799643218063409e+02
1.927933669088462239e+02
1.854349872983806904e+02
1.794999716272047010e+02
1.749179022128556653e+02
1.697938734480178766e+02
1.622313403967313548e+02
1.544782301608112505e+02
1.510583693495072453e+02
1.532668947847120648e+02
1.587411273569358627e+02
1.659643592951817652e+02
1.742687967110680916e+02
1.812291754025690125e+02
1.849362189146555124e+02
1.856536039791891710e+02
1.852277923856694031e+02
1.854957085528772325e+02
1.874365215279742927e+02
1.901358213744233865e+02
1.905180400239108849e+02
1.869382888765099153e+02
1.822976212097359507e+02
1.815013727070817140e+02
1.842292613412782600e+02
1.846865824220109857e+02
1.795080861480743408e+02
1.710819733825645983e+02
1.631368811703460437e+02
1.558419442452993167e+02
1.474637630944301918e+02
1.379909829395275835e+02
1.304084901034393340e+02
1.285522245120548348e+02
1.333740907874461641e+02
1.420988879817767554e+02
1.503978887784079461e+02
1.547091309551512097e+02
1.525876176610732102e+02
1.465508234589395329e+02
1.418367304957019144e+02
1.390811153403752201e+02
1.358009419189391735e+02
1.308366461057154879e+02
1.252264443673494441e+02
1.226395752250130755e+02
1.261696694978803350e+02
1.351149873540851729e+02
1.449102496953269963e+02
1.503952273230648018e+02
1.493516786621944163e+02
1.437587919742895224e+02
1.388212233581072610e+02
1.378672901292763413e+02
1.389581026171858014e+02
1.385060489630956511e+02
1.356649511750543127e+02
1.327569789900619810e+02
1.321720080329353664e+02
1.327943681736585120e+02
1.327166309280958671e+02
1.315258799936565595e+02
1.295827938492747933e+02
1.285657576913347953e+02
1.287061510624318714e+02
1.294228439550626035e+02
1.327373691463139664e+02
1.397657617057842288e+02
1.472421172721743119e+02
1.514113975283796094e+02
1.533184910741237559e+02
1.568638797758257510e+02
1.629799395441079639e+02
1.701104365448720444e+02
1.769419183457650604e+02
1.818421612748057044e+02
1.835638362134820625e+02
1.832566138255702981e+02
1.848765255244529158e+02
1.895503227499758054e+02
1.923736281592522914e+02
1.895936087912458561e+02
1.834850236901773144e+02
1.781029707193058300e+02
1.749527786592936422e+02
1.740643010148861265e+02
1.739622819034617862e+02
1.722403379033655426e+02
1.698694313564524805e+02
1.702945526452870411e+02
1.741884351000122138e+02
1.799409671543541549e+02
1.866242025707138907e+02
1.935417065353326791e+02
1.994625483414739335e+02
2.023641825477089924e+02
2.001937331142183325e+02
1.921449025909870159e+02
1.818387907681881188e+02
1.736465042482447814e+02
1.677552392126954715e+02
1.632537392677185721e+02
1.598617694483788512e+02
1.584623862440188589e+02
1.594386786896798753e+02
1.620838895173723415e+02
1.662095021313064649e+02
1.700655605075839105e+02
1.713523374555491046e+02
1.696611638514075935e+02
1.666893887976899009e+02
1.654616196258090781e+02
1.670018636401881906e+02
1.688028989265466464e+02
1.685915882036956077e+02
1.662138635059496892e+02
1.633471477915678065e+02
1.629539899562945493e+02
1.658165943292073337e+02
1.683397046766122003e+02
1.680385192012672917e+02
1.668188599291461856e+02
1.665543464382051013e+02
1.674186266162142545e+02
1.684511116204892289e+02
1.671299629885743343e+02
1.622311447852913204e+02
1.548285539720865529e+02
1.475111903196589935e+02
1.438077050708615445e+02
1.446283181138822442e+02
1.476477805268223449e+02
1.517244599689972517e+02
1.572974280797223798e+02
1.653165618272054189e+02
1.775213092285715959e+02
1.913814593998298506e+02
1.996688446399256804e+02
1.991640173844432127e+02
1.932756443752813027e+02
1.865929110302009235e+02
1.806062828900108457e+02
1.735836842967621578e+02
1.640374382183305499e+02
1.523220736646728710e+02
1.406646362676679018e+02
1.314791196309515726e+02
1.240044177988499996e+02
1.168882970987326502e+02
1.122599197006039873e+02
1.127893511275090361e+02
1.182504332439816608e+02
1.253887768295952299e+02
1.309279058516261500e+02
1.341782797218569954e+02
1.362882383525995067e+02
1.393211338946804574e+02
1.427910565781774324e+02
1.441896223463824924e+02
1.434755462329257796e+02
1.438029763494864142e+02
1.469063336889221034e+02
1.489823039632831865e+02
1.460125282007806788e+02
1.399599364111595889e+02
1.336958858267067569e+02
1.279393699626540837e+02
1.248795265725541412e+02
1.262988790116107367e+02
1.305684960450052472e+02
1.357078718955930299e+02
1.425051602111429361e+02
1.506121200356271572e+02
1.572510247123762497e+02
1.616329575650228207e+02
1.659932627992176890e+02
1.719400448059402322e+02
1.788889014009091341e+02
1.845285811203617641e+02
1.856509878959729747e+02
1.827673995360756862e+02
1.792641817373912261e+02
1.771077059760457928e+02
1.740520527316473363e+02
1.682249290164922684e+02
1.627491032865904401e+02
1.597856732819255967e+02
1.578477714761894219e+02
1.559563441563800552e+02
1.554998230432862840e+02
1.595813438504526687e+02
1.681628129129744877e+02
1.757629811610801767e+02
1.766210464683069290e+02
1.690770029920538207e+02
1.555821156028271446e+02
1.417447218554796962e+02
1.318069357039616989e+02
1.249000428804266534e+02
1.187955126833355166e+02
1.145136036597171199e+02
1.130706553197627784e+02
1.123942798170858737e+02
1.112177963188833161e+02
1.119917379734578020e+02
1.166035222802900364e+02
1.233950549588478083e+02
1.301065611474727746e+02
1.365708745037838412e+02
1.411795746786404777e+02
1.412698780010687187e+02
1.381640210381611098e+02
1.354972285201766056e+02
1.340806464600779577e+02
1.340172000468820954e+02
1.372112218042650511e+02
1.434201769590468700e+02
1.499657080493041406e+02
1.557858616541370793e+02
1.623818719672352415e+02
1.724080778910462470e+02
1.849847653843720821e+02
1.951346469935934351e+02
1.999992945826951711e+02
2.008604168997665340e+02
1.989798906696016445e+02
1.934370148769963862e+02
1.827324939961574728e+02
1.662717071313062718e+02
1.476158699467904967e+02
1.329843180172721588e+02
1.252537405780260968e+02
1.224856656626973574e+02
1.209387379683748804e+02
1.199939761857266518e+02
1.212303236938526254e+02
1.234011642995474034e+02
1.236125828706800149e+02
1.207917123304727482e+02
1.158680784762116218e+02
1.122574645109930458e+02
1.130317602705374327e+02
1.177310978261849215e+02
1.234287375156967101e+02
1.293191959805457429e+02
1.372632047930152055e+02
1.471835734031430718e+02
1.578860790196866901e+02
1.692843357438186445e+02
1.806192046039451213e+02
1.913625034783364072e+02
2.019353249580750571e+02
2.122071328846240021e+02
2.214500462309003979e+02
2.289243272839571546e+02
2.318990820080109643e+02
2.282539032188683450e+02
2.198498913182722561e+02
2.095222419442582975e+02
1.987032416115403350e+02
1.880156642680901200e+02
1.780296903025090387e+02
1.688502788091556965e+02
1.600271364382359138e+02
1.514247468622731390e+02
1.438712162897929545e+02
1.384914686192109627e+02
1.345528877696490895e+02
1.325436490013158846e+02
1.345855404151471646e+02
1.391962456385357711e+02
1.409869970342381578e+02
1.376664117463052719e+02
1.328013464053136374e+02
1.291111827420033080e+02
1.262935031648895858e+02
1.260211758259598867e+02
1.312606650432088315e+02
1.415823757232483047e+02
1.526044200703146885e+02
1.596138620768535645e+02
1.595251819925496193e+02
1.507374872563603958e+02
1.362676781780064914e+02
1.234612175790563953e+02
1.174768274772573449e+02
1.191623136025911123e+02
1.259993461530540202e+02
1.334180794820250355e+02
1.380055600987567175e+02
1.386900542871063351e+02
1.359337875049739353e+02
1.316320230130381788e+02
1.283752272776681593e+02
1.264613178615354059e+02
1.253218603955563140e+02
1.260725370229548616e+02
1.283183012135220338e+02
1.305167631906720374e+02
1.321777421808379813e+02
1.320786428917052433e+02
1.293151932706117009e+02
1.248901842726046283e+02
1.209365664353020691e+02
1.172619838976076352e+02
1.119067292514812237e+02
1.039122389920055554e+02
9.332651321152567903e+01
8.264374463671683202e+01
7.496497385420967419e+01
7.164403507635501001e+01
7.294883066380987202e+01
7.892835342961014078e+01
8.903529996093855914e+01
1.004818438310533821e+02
1.077700660630656557e+02
1.075865252949214437e+02
1.033716963376841846e+02
1.007846473536514651e+02
1.013543240554074742e+02
1.026185479188920340e+02
1.035943356830286319e+02
1.073752022745406833e+02
1.167220719050271640e+02
1.304007846151792478e+02
1.433293687458286172e+02
1.511128912733202583e+02
1.529771286987193832e+02
1.483607191854839016e+02
1.385927694185034795e+02
1.302049896958053523e+02
1.294088696027576475e+02
1.384211231805337832e+02
1.551242639528161931e+02
1.716394039555970608e+02
1.779859564192246069e+02
1.720208096754296605e+02
1.577406803766876919e+02
1.389863511020115254e+02
1.207247102303642237e+02
1.075639442075528365e+02
1.001974694484883059e+02
9.535822833149300948e+01
8.959207069682119595e+01
8.366887936075357857e+01
8.017781239089319456e+01
7.888710943002932652e+01
7.650333604072407923e+01
7.102521576525585090e+01
6.469254168218286338e+01
6.049179573039168645e+01
5.973418574852906460e+01
6.273814560611265989e+01
6.933061074835448778e+01
7.819440951454231481e+01
8.653231319811779088e+01
9.311826987515465248e+01
1.003577877886692988e+02
1.092964912763406318e+02
1.164914375802033959e+02
1.188113023371493711e+02
1.184946560136673810e+02
1.198106902268775400e+02
1.227451855548999049e+02
1.237094012217954173e+02
1.190264176046311917e+02
1.069532609563032821e+02
9.089322044123618127e+01
7.659589633056718583e+01
6.711564051386775986e+01
6.274305238350583380e+01
6.227727901888946604e+01
6.285329852933736561e+01
6.068498618397777022e+01
5.510603266801533806e+01
4.919923480742070865e+01
4.560277668414185825e+01
4.509537640839848649e+01
4.705581382334487728e+01
4.907738354702752304e+01
4.753151995172377298e+01
4.154906619075362784e+01
3.401040973389306998e+01
2.740850384600148004e+01
2.237748540280518128e+01
1.868557799672114683e+01
1.596334361732913010e+01
1.391473829621875602e+01
1.233480110046651390e+01
1.108666601092068760e+01
1.007881293831820457e+01
9.249078855534195398e+00
8.554354322003840494e+00
7.964078769480313902e+00
7.456117615290391853e+00
7.014111968833205424e+00
6.625743716096245350e+00
6.281577488402369625e+00
5.974272521297722349e+00
5.698036101611937632e+00
5.448237752907427733e+00
5.221132307517436288e+00
5.013658017548399570e+00
4.823287225290889602e+00
4.647914414008527118e+00
4.485771226830143732e+00
4.335361204028778559e+00
4.195409119509945661e+00
4.064821253629129494e+00
3.942653948676162923e+00
3.828088501911770081e+00
3.720410954645068546e+00
3.618995697955906810e+00
3.523292078910984948e+00
3.432813384483220265e+00
3.347127723806726074e+00
3.265850436771911003e+00
3.188637738050789316e+00
3.115181367391797629e+00
3.045204064413125966e+00
2.978455722768163394e+00
2.914710107092473912e+00
2.853762038513179444e+00
2.795424972152999121e+00
2.739528904073425863e+00
2.685918556289500714e+00
2.634451797471176526e+00
2.584998264197101658e+00
2.537438153507054484e+00
2.491661162294627641e+00
2.447565553007169825e+00
2.405057328349539336e+00
2.364049500355754230e+00
2.324461441405057727e+00
2.286218306601039529e+00
2.249250518472058591e+00
2.213493306242543035e+00
2.178886293011639719e+00
2.145373125093410938e+00
2.112901138550781432e+00
2.081421058615522401e+00
2.050886728250504554e+00
2.021254862591461698e+00
1.992484826418306820e+00
1.964538432160715109e+00
1.937379756248275076e+00
1.910974971879531248e+00
1.885292196512833085e+00
1.860301352580338463e+00
1.835974040099035198e+00
1.812283420003421242e+00
1.789204107155460965e+00
1.766712072103052256e+00
1.744784550758901043e+00
1.723399961260561053e+00
1.702537827350533828e+00
1.682178707684282459e+00
1.662304130534929980e+00
1.642896533417385285e+00
1.623939207202460322e+00
1.605416244334055831e+00
1.587312490800229625e+00
1.569613501542856060e+00
1.552305499020286694e+00
1.535375334664660363e+00
1.518810452999316052e+00
1.502598858203407994e+00
1.486729082930129398e+00
1.471190159202340419e+00
1.455971591225034167e+00
1.441063329968151452e+00
1.426455749385987515e+00
1.412139624150830830e+00
1.398106108789056501e+00
1.384346718116958863e+00
1.370853308882453714e+00
1.357618062526299685e+00
1.344633468983574831e+00
1.331892311452508970e+00
1.319387652063580330e+00
1.307112818387067277e+00
1.295061390722072048e+00
1.283227190114434313e+00
1.271604267054979642e+00
1.260186890813176808e+00
1.248969539364792380e+00
1.237946889874966372e+00
1.227113809701212643e+00
1.216465347883286086e+00
1.205996727089301057e+00
1.195703335989662497e+00
1.185580722032388401e+00
1.175624584595262645e+00
1.165830768491959990e+00
1.156195257810873622e+00
1.146714170066789329e+00
1.137383750647008140e+00
1.128200367534574866e+00
1.119160506292600887e+00
1.110260765294626584e+00
1.101497851186988397e+00
1.092868574570055040e+00
1.084369845886056893e+00
1.075998671502003345e+00
1.067752149976922471e+00
1.059627468503329784e+00
1.051621899513438096e+00
1.043732797441297766e+00
1.035957595632438277e+00
1.028293803393258932e+00
1.020739003172782322e+00
1.013290847869865008e+00
1.005947058259362148e+00
9.987054205311295396e-01
9.915637839361008954e-01
9.845200585340180277e-01
9.775722130377015873e-01
9.707182727490467622e-01
9.639563175821755925e-01
9.572844801695175043e-01
9.507009440466916983e-01
9.442039419124262922e-01
9.377917539598781271e-01
9.314627062759516241e-01
9.252151693053755066e-01
9.190475563764988198e-01
9.129583222859084524e-01
9.069459619391357919e-01
9.010090090448682476e-01
8.951460348601886219e-01
8.893556469845704804e-01
8.836364882003560073e-01
8.779872353576764210e-01
8.724065983018118864e-01
8.668933188411106494e-01
8.614461697536807128e-01
8.560639538311566321e-01
8.507455029579267247e-01
8.454896772242909142e-01
8.402953640720894901e-01
8.351614774714201106e-01
8.300869571271084491e-01
8.250707677137205653e-01
8.201118981378640038e-01
8.152093608266836045e-01
8.103621910414554597e-01
8.055694462152412916e-01
8.008302053136300280e-01
7.961435682176190021e-01
7.915086551277474847e-01
7.869246059886249034e-01
7.823905799330452826e-01
7.779057547448924304e-01
7.734693263401356544e-01
7.690805082651533953e-01
7.647385312117498390e-01
7.604426425481973784e-01
7.561921058656954076e-01
7.519862005396503735e-01
7.478242213052130882e-01
7.437054778465341798e-01
7.396292943992186508e-01
7.355950093654870514e-01
7.316019749415683116e-01
7.276495567568619371e-01
7.237371335244655590e-01
7.198640967026067594e-01
7.160298501666176874e-01
7.122338098910516724e-01
7.084754036415844558e-01
7.047540706763407714e-01
7.010692614563193148e-01
6.974204373645837007e-01
6.938070704339153183e-01
6.902286430826318764e-01
6.866846478582713242e-01
6.831745871889014499e-01
6.796979731417479575e-01
6.762543271889208674e-01
6.728431799799828861e-01
6.694640711211288231e-01
6.661165489607534518e-01
6.628001703811895462e-01
6.595145005964085927e-01
6.562591129554903313e-01
6.530335887516608429e-01
6.498375170367252096e-01
6.466704944406983513e-01
6.435321249964981449e-01
6.404220199694938831e-01
6.373397976917820618e-01
6.342850834010270722e-01
6.312575090837183600e-01
6.282567133227067169e-01
6.252823411488793726e-01
6.223340438968474331e-01
6.194114790645141033e-01
6.165143101764068989e-01
6.136422066506448392e-01
6.107948436694533578e-01
6.079719020530816032e-01
6.051730681370454112e-01
6.023980336525812662e-01
5.996464956102153243e-01
5.969181561863542429e-01
5.942127226128042228e-01
5.915299070691310002e-01
5.888694265777757453e-01
5.862310029018461544e-01
5.836143624454915857e-01
5.810192361568133901e-01
5.784453594331998572e-01
5.758924720290413690e-01
5.733603179657443816e-01
5.708486454439813951e-01
5.683572067581090792e-01
5.658857582126946006e-01
5.634340600410886468e-01
5.610018763259854158e-01
5.585889749219145051e-01
5.561951273796114092e-01
5.538201088722030097e-01
5.514636981231801904e-01
5.491256773360789767e-01
5.468058321258423282e-01
5.445039514518088541e-01
5.422198275522840394e-01
5.399532558806512395e-01
5.377040350429779236e-01
5.354719667370796410e-01
5.332568556929987436e-01
5.310585096148634499e-01
5.288767391240793980e-01
5.267113577038401440e-01
5.245621816448933217e-01
5.224290299925490322e-01
5.203117244948894937e-01
5.182100895521498662e-01
5.161239521672386088e-01
5.140531418973679489e-01
5.119974908067651542e-01
5.099568334204368503e-01
5.079310066789575195e-01
5.059198498942594213e-01
5.039232047063885167e-01
5.019409150412208476e-01
4.999728270690895204e-01
4.980187891643201858e-01
4.960786518656400412e-01
4.941522678374432043e-01
4.922394918318896417e-01
4.903401806518161155e-01
4.884541931144399385e-01
4.865813900158342808e-01
4.847216340961591485e-01
4.828747900056201692e-01
4.810407242711556841e-01
4.792193052638110684e-01
4.774104031668012782e-01
4.756138899442362011e-01
4.738296393104959869e-01
4.720575267002387054e-01
4.702974292390264544e-01
4.685492257145550399e-01
4.668127965484704101e-01
4.650880237687620711e-01
4.633747909827161116e-01
4.616729833504123470e-01
4.599824875587654738e-01
4.583031917960780355e-01
4.566349857271083112e-01
4.549777604686353616e-01
4.533314085655097414e-01
4.516958239671792219e-01
4.500709020046793074e-01
4.484565393680752243e-01
4.468526340843483879e-01
4.452590854957155786e-01
4.436757942383662834e-01
4.421026622216226998e-01
4.405395926074942015e-01
4.389864897906302077e-01
4.374432593786593548e-01
4.359098081729045893e-01
4.343860441494669655e-01
4.328718764406704334e-01
4.313672153168583434e-01
4.298719721685346218e-01
4.283860594888423967e-01
4.269093908563720285e-01
4.254418809182879957e-01
4.239834453737794662e-01
4.225340009578096301e-01
4.210934654251726750e-01
4.196617575348431384e-01
4.182387970346154726e-01
4.168245046460251624e-01
4.154188020495466205e-01
4.140216118700614789e-01
4.126328576625921118e-01
4.112524638982939518e-01
4.098803559506983274e-01
4.085164600822116521e-01
4.071607034308485917e-01
4.058130139972082051e-01
4.044733206316815100e-01
4.031415530218879772e-01
4.018176416803336815e-01
4.005015179322901631e-01
3.991931139038857879e-01
3.978923625104077155e-01
3.965991974448098145e-01
3.953135531664177527e-01
3.940353648898389793e-01
3.927645685740587811e-01
3.915011009117274621e-01
3.902448993186345416e-01
3.889959019233623083e-01
3.877540475571187861e-01
