-4.0 5.477491477330817e-06 8.629817259680587e-10
-3.991991991991992 5.532232595219618e-06 8.910696067721576e-10
-3.983983983983984 5.587923816363731e-06 9.202823840933376e-10
-3.975975975975976 5.644589393138466e-06 9.506746202176965e-10
-3.967967967967968 5.702254411436006e-06 9.823040395315379e-10
-3.95995995995996 5.7609448272078766e-06 1.0152317462020022e-09
-3.951951951951952 5.820687504978103e-06 1.0495224573352888e-09
-3.943943943943944 5.8815102584540335e-06 1.08524475690465e-09
-3.935935935935936 5.94344189337217e-06 1.1224713686276741e-09
-3.9279279279279278 6.006512252726285e-06 1.1612794533832766e-09
-3.91991991991992 6.070752264536883e-06 1.2017509308399878e-09
-3.911911911911912 6.13619399233363e-06 1.2439728280709232e-09
-3.903903903903904 6.202870688535626e-06 1.2880376594033194e-09
-3.895895895895896 6.270816850929742e-06 1.3340438388202316e-09
-3.8878878878878878 6.340068282463179e-06 1.3820961294667964e-09
-3.87987987987988 6.410662154584461e-06 1.4323061334653627e-09
-3.871871871871872 6.482637074386487e-06 1.4847928268570005e-09
-3.863863863863864 6.556033155826832e-06 1.5396831436503777e-09
-3.855855855855856 6.630892095323762e-06 1.5971126159756581e-09
-3.8478478478478477 6.707257252052873e-06 1.6572260745706154e-09
-3.83983983983984 6.785173733297141e-06 1.7201784180719447e-09
-3.831831831831832 6.864688485235216e-06 1.7861354586230001e-09
-3.823823823823824 6.945850389587233e-06 1.855274852195467e-09
-3.815815815815816 7.028710366576039e-06 1.927787124143115e-09
-3.8078078078078077 7.113321484704183e-06 2.003876802363863e-09
-3.7997997997998 7.1997390778943305e-06 2.0837636705750418e-09
-3.7917917917917916 7.2880208705934635e-06 2.167684157012358e-09
-3.7837837837837838 7.378227111499364e-06 2.255892876903149e-09
-3.775775775775776 7.470420716633226e-06 2.3486643488682814e-09
-3.7677677677677677 7.564667422555335e-06 2.44629490812948e-09
-3.75975975975976 7.661035950601627e-06 2.5491048452484005e-09
-3.7517517517517516 7.759598183111155e-06 2.6574408019568166e-09
-3.7437437437437437 7.860429352716599e-06 2.7716784616192886e-09
-3.735735735735736 7.963608245886527e-06 2.8922255782180315e-09
-3.7277277277277276 8.069217422037995e-06 3.0195253970342535e-09
-3.71971971971972 8.177343449686996e-06 3.154060528333276e-09
-3.7117117117117115 8.288077161272124e-06 3.296357347720516e-09
-3.7037037037037037 8.40151392847807e-06 3.4469910117715724e-09
-3.6956956956956954 8.517753960104636e-06 3.6065911955778718e-09
-3.6876876876876876 8.636902624777142e-06 3.7758486802073116e-09
-3.67967967967968 8.759070801082604e-06 3.955522947089623e-09
-3.6716716716716715 8.884375258048749e-06 4.146450969698874e-09
-3.6636636636636637 9.01293906926761e-06 4.349557440563772e-09
-3.6556556556556554 9.144892064416087e-06 4.565866723396991e-09
-3.6476476476476476 9.28037132244947e-06 4.796516895999944e-09
-3.6396396396396398 9.419521711362575e-06 5.042776343557083e-09
-3.6316316316316315 9.562496480144261e-06 5.306063481133546e-09
-3.6236236236236237 9.709457909420701e-06 5.587970348855268e-09
-3.6156156156156154 9.860578028327184e-06 5.890291033791597e-09
-3.6076076076076076 1.0016039406407886e-05 6.2150561606373676e-09
-3.5995995995995997 1.0176036030880879e-05 6.564575078042348e-09
-3.5915915915915915 1.0340774281494027e-05 6.941487897397178e-09
-3.5835835835835836 1.0510474017548311e-05 7.348830267762649e-09
-3.5755755755755754 1.0685369794617411e-05 7.79011479112884e-09
-3.5675675675675675 1.0865712232254841e-05 8.269434417530841e-09
-3.5595595595595597 1.105176955883741e-05 8.79159521663341e-09
-3.5515515515515514 1.1243829366065041e-05 9.362288899617197e-09
-3.5435435435435436 1.1442200614134825e-05 9.988319839820065e-09
-3.5355355355355353 1.1647215940157654e-05 1.0677907853780082e-08
-3.5275275275275275 1.1859234338398075e-05 1.1441097863358109e-08
-3.5195195195195197 1.2078644303616907e-05 1.2290322713926912e-08
-3.5115115115115114 1.2305867561740052e-05 1.3241189132611874e-08
-3.5035035035035036 1.2541363561129634e-05 1.4313594596894663e-08
-3.4954954954954953 1.2785634972817368e-05 1.5533344312066113e-08
-3.4874874874874875 1.3039234566440358e-05 1.693453954870497e-08
-3.4794794794794797 1.3302774021342809e-05 1.856318218385713e-08
-3.4714714714714714 1.3576935557110103e-05 2.048274340290602e-08
-3.4634634634634636 1.3862487836279135e-05 2.2782989554723587e-08
-3.4554554554554553 1.416030862908733e-05 2.5594371592291616e-08
-3.4474474474474475 1.447141871156059e-05 2.9112243763882784e-08
-3.4394394394394396 1.4797035455719226e-05 3.3639143652054926e-08
-3.4314314314314314 1.51386630865843e-05 3.966185317241358e-08
-3.4234234234234235 1.5498256071552715e-05 4.7999386038315425e-08
-3.4154154154154153 1.5878540547236183e-05 6.01063175232771e-08
-3.4074074074074074 1.6283711796591513e-05 7.874859382852927e-08
-3.3993993993993996 1.6721140882451438e-05 1.0968333615283102e-07
-3.3913913913913913 1.720625188241428e-05 1.66501484734065e-07
-3.3833833833833835 1.7779825559648218e-05 2.878856216480576e-07
-3.3753753753753752 1.8594049229322498e-05 6.235993958018198e-07
-3.3673673673673674 2.0738087875383267e-05 2.2599833010010468e-06
-3.3593593593593596 0.0002597190630265146 0.00024070085386450227
-3.3513513513513513 2.306166610781576e-05 3.4670792101716876e-06
-3.3433433433433435 2.098580328776004e-05 7.74384694050904e-07
-3.335335335335335 2.121747195372633e-05 3.4495788177445146e-07
-3.3273273273273274 2.180901882215377e-05 2.2861311921839455e-07
-3.3193193193193196 2.2572996953289535e-05 2.3208717032580015e-07
-3.3113113113113113 2.351857865984205e-05 3.463269686137717e-07
-3.3033033033033035 2.4839412963828915e-05 7.395735232381257e-07
-3.295295295295295 2.820449635339772e-05 3.051920016686856e-06
-3.2872872872872874 0.0011784987062253244 0.0011521287400545386
-3.2792792792792795 3.0351347504273453e-05 2.5444127623957754e-06
-3.2712712712712713 3.0410488402629353e-05 9.002158007726792e-07
-3.263263263263263 3.311944487199648e-05 1.3563973070711032e-06
-3.255255255255255 4.312302628731513e-05 6.656545118426579e-06
-3.2472472472472473 0.00012524302937247603 5.026088052157858e-05
-3.2392392392392395 8.237281899786434e-05 2.4323341028405518e-05
-3.2312312312312312 0.007118020279234483 0.006316983425046838
-3.223223223223223 0.0002034625266991091 6.514856900698932e-05
-3.215215215215215 0.0004098666657370021 0.000252466685246413
-3.2072072072072073 0.0046518612747994395 0.004185949466093896
-3.1991991991991995 0.0016226986222961013 0.001083118470483396
-3.191191191191191 0.004527105357685875 0.0024355868246952565
-3.183183183183183 0.0011393931981313274 0.0005411270595054638
-3.175175175175175 0.0014936335317477102 0.0010832015744235812
-3.1671671671671673 0.009601039828535959 0.0074165603552516605
-3.159159159159159 0.01163844434518323 0.007048538647376906
-3.151151151151151 0.029968565880816242 0.0199470142846836
-3.143143143143143 0.003448019708824471 0.0019198023674267
-3.135135135135135 0.01270734041993363 0.008063439553681603
-3.1271271271271273 0.0022833108706175956 0.0006245253766534204
-3.119119119119119 0.020539249635334815 0.017094419732391387
-3.111111111111111 0.021196687822776734 0.00876555478231241
-3.103103103103103 0.04686200483269566 0.01977619140197683
-3.095095095095095 0.008952467190582908 0.0048868700004829155
-3.0870870870870872 0.015243919559269964 0.011972946122610286
-3.079079079079079 0.045392138797524004 0.020495714502051298
-3.071071071071071 0.05049716947657007 0.020185799248024328
-3.063063063063063 0.0682203762977736 0.025062675468335262
-3.055055055055055 0.0632024142971371 0.024528621666559995
-3.047047047047047 0.07765124131201216 0.02686487686025507
-3.039039039039039 0.03323450759590698 0.012384028253453553
-3.031031031031031 0.07228651804250055 0.030341669174308774
-3.023023023023023 0.08672144517511046 0.030870611841569726
-3.015015015015015 0.07922477129476996 0.020938462314423225
-3.007007007007007 0.1337326829749519 0.036057858523263195
-2.998998998998999 0.12127994112771724 0.029450056204384695
-2.990990990990991 0.06050068681882867 0.015121291688310586
-2.982982982982983 0.09855773507759319 0.02729431689306002
-2.974974974974975 0.10449342706253709 0.030884404053052275
-2.966966966966967 0.04246226916570296 0.011777396648419489
-2.958958958958959 0.06651361992690184 0.01951149707135967
-2.950950950950951 0.09255190472796912 0.026228157550884257
-2.942942942942943 0.10321752867414223 0.02582997020733359
-2.934934934934935 0.16594261556363776 0.039371030970324086
-2.926926926926927 0.1410233256488382 0.03712832189028832
-2.918918918918919 0.168489910057567 0.0362162231801344
-2.910910910910911 0.11434506422806308 0.02868227473614913
-2.9029029029029028 0.20028962365933886 0.03970933147056356
-2.894894894894895 0.22308687051244092 0.049728169648706924
-2.886886886886887 0.18166247929382975 0.041700509692791175
-2.878878878878879 0.17272122369363474 0.04221676851449552
-2.8708708708708706 0.1178334119289096 0.030245857331258088
-2.8628628628628627 0.10842320494590636 0.030225862712191506
-2.854854854854855 0.11442302174533767 0.02653349203284246
-2.846846846846847 0.09865993059004205 0.02063055955978704
-2.838838838838839 0.23151679483134713 0.046351831455705775
-2.8308308308308305 0.16748301738583393 0.03656319499380021
-2.8228228228228227 0.2138802256941121 0.035737681982556516
-2.814814814814815 0.23789669412898928 0.046895777824931775
-2.806806806806807 0.314252000659397 0.05117262906222699
-2.798798798798799 0.18221624035320447 0.038886339029959194
-2.7907907907907905 0.17279278900240055 0.035846850004102725
-2.7827827827827827 0.29773244959156453 0.05393074260950737
-2.774774774774775 0.26836440837517156 0.050418668040766154
-2.766766766766767 0.2777937569136478 0.05072165791794278
-2.7587587587587588 0.23611253226620027 0.046445135013049595
-2.7507507507507505 0.30846774567636964 0.05508700204931274
-2.7427427427427427 0.32807989470760823 0.0576512820001206
-2.734734734734735 0.21060461474175038 0.04358275937423659
-2.726726726726727 0.2973048913757602 0.052199761277635516
-2.7187187187187187 0.277912685909242 0.05043213427895607
-2.7107107107107105 0.2403862265304241 0.03798685930528448
-2.7027027027027026 0.231908799677209 0.045938287790133356
-2.694694694694695 0.2781782511677992 0.05083104604809543
-2.686686686686687 0.23746017171851685 0.048104369227718186
-2.6786786786786787 0.1589559299284241 0.03143139723610934
-2.6706706706706704 0.21371390282263794 0.03885161514387384
-2.6626626626626626 0.28066045971600617 0.049777216215186076
-2.6546546546546548 0.25889682275324455 0.04778232980579122
-2.646646646646647 0.24299919440056256 0.04601878862779398
-2.6386386386386387 0.2752031824864096 0.05027993342104947
-2.6306306306306304 0.18629755352484573 0.040758945876994905
-2.6226226226226226 0.22447980869659034 0.04060160578690633
-2.6146146146146148 0.3180534498185721 0.05545413640347312
-2.606606606606607 0.24054044181412584 0.04542366515327939
-2.5985985985985987 0.20163322894801736 0.041477788378393464
-2.5905905905905904 0.27866124710181484 0.05177893803293897
-2.5825825825825826 0.27502558600209914 0.04560845873692808
-2.5745745745745747 0.20915630056139167 0.04298177700245489
-2.566566566566567 0.2148976207175129 0.043100386371637975
-2.5585585585585586 0.20832126281269372 0.03976288009939871
-2.5505505505505504 0.2116460429342757 0.03741314672693639
-2.5425425425425425 0.16945013732912878 0.0314182112259943
-2.5345345345345347 0.20260095813798215 0.04135987779733522
-2.5265265265265264 0.2463946178378371 0.045452458172722365
-2.5185185185185186 0.22477784311388477 0.04471733691050715
-2.5105105105105103 0.2388410711873146 0.03908526600168766
-2.5025025025025025 0.2765206692027043 0.051364823561491274
-2.4944944944944947 0.25068103306795375 0.0459519971971204
-2.4864864864864864 0.22170909712880307 0.041841567629251945
-2.4784784784784786 0.24014905280388993 0.0445928799476544
-2.4704704704704703 0.335826795396641 0.05708982744780679
-2.4624624624624625 0.22429072487209004 0.04096434630787086
-2.4544544544544546 0.2624587661291121 0.044763144968180596
-2.4464464464464464 0.17059722420595827 0.03237400380697332
-2.4384384384384385 0.18845414348159437 0.03634503799725693
-2.4304304304304303 0.23140804039562007 0.046087679085872045
-2.4224224224224224 0.2821493683110435 0.053487639356429396
-2.4144144144144146 0.2525208319867905 0.043685292409034106
-2.4064064064064064 0.28295621359001594 0.05088291053339379
-2.3983983983983985 0.23029307757978662 0.04247305098725731
-2.3903903903903903 0.28714316494745956 0.049778242235968
-2.3823823823823824 0.24577640043492466 0.043923577425909584
-2.3743743743743746 0.2852544726818471 0.051749449605325494
-2.3663663663663663 0.26766276896182484 0.04619035591437863
-2.358358358358358 0.1816823686234542 0.03518438959925288
-2.3503503503503502 0.3830333650390104 0.061427239242649145
-2.3423423423423424 0.23944793259105884 0.04865278945092069
-2.3343343343343346 0.3706613079563563 0.05929898263016783
-2.3263263263263263 0.22490764866773222 0.040945220506682825
-2.318318318318318 0.2558144941186847 0.042585070493157635
-2.31031031031031 0.2937298681881801 0.05443822167822171
-2.3023023023023024 0.13847917975671525 0.027725360633483697
-2.2942942942942945 0.23671819341108494 0.04569661248975015
-2.2862862862862863 0.30527502179210014 0.05430075099939116
-2.278278278278278 0.29396151184806724 0.048888775628158326
-2.27027027027027 0.22116950640513316 0.045612886185067564
-2.2622622622622623 0.32977748894869685 0.05277107281437381
-2.2542542542542545 0.23159360707500354 0.04173205205360934
-2.2462462462462462 0.23061665046403246 0.04488601411517973
-2.238238238238238 0.28584906380054526 0.051360724965929756
-2.23023023023023 0.39089200420552045 0.061950041092281374
-2.2222222222222223 0.25056011135274586 0.04411836775717561
-2.2142142142142145 0.2338182267213318 0.04801115718213962
-2.206206206206206 0.2911756544849251 0.05008850395561832
-2.198198198198198 0.2800550161674946 0.04976757820048237
-2.19019019019019 0.32622919726704597 0.05738733520976962
-2.1821821821821823 0.2997287921292808 0.050228444602116576
-2.1741741741741745 0.17663735185044815 0.03148397323438618
-2.166166166166166 0.34799931267079864 0.05584004618599896
-2.158158158158158 0.2017015136798336 0.03639111573569163
-2.15015015015015 0.2090276598251285 0.03842322729186677
-2.1421421421421423 0.2558900912477108 0.04151417288469633
-2.1341341341341344 0.2681424269797072 0.04199091317196958
-2.126126126126126 0.28709060115241847 0.05219261386578269
-2.118118118118118 0.2331224116445457 0.0401118499642844
-2.11011011011011 0.29050871086762975 0.04788352395949802
-2.1021021021021022 0.40715857296119357 0.06582531824601769
-2.0940940940940944 0.23293329499781676 0.04335387130479518
-2.086086086086086 0.23526567394184172 0.04477740736926997
-2.078078078078078 0.30642295016386945 0.05333229949997178
-2.07007007007007 0.26473572355787195 0.04222150306339062
-2.062062062062062 0.27192516979765785 0.04528019830200919
-2.0540540540540544 0.2823946820410944 0.050714827313072065
-2.046046046046046 0.41056678754112924 0.06512476049425787
-2.038038038038038 0.25672076104114516 0.045194412751869036
-2.03003003003003 0.3525199862606907 0.056614911371048085
-2.022022022022022 0.3363241754407726 0.050504195666183756
-2.014014014014014 0.3191959761642303 0.053561973164706775
-2.006006006006006 0.3263029854822916 0.05412691282736961
-1.9979979979979978 0.43117201179326775 0.0647041925724307
-1.98998998998999 0.4334866383071806 0.0632433077761669
-1.9819819819819822 0.2725695662791996 0.045184172999381246
-1.973973973973974 0.29992560440830474 0.050509955246373785
-1.965965965965966 0.29611451272470923 0.04817842477095077
-1.9579579579579578 0.2860882728081324 0.047673203459516394
-1.94994994994995 0.19951320225384397 0.03414293419261855
-1.9419419419419421 0.2788086939186458 0.05140125477114675
-1.9339339339339339 0.27083372734698913 0.047920165419896486
-1.925925925925926 0.30302156191297835 0.05274144453644537
-1.9179179179179178 0.23506853584159337 0.043162811050824534
-1.90990990990991 0.23854115745921262 0.04703348325636819
-1.9019019019019021 0.23435708345131193 0.0453362613013724
-1.8938938938938938 0.28901264495661616 0.04724950338197335
-1.885885885885886 0.2474221183192654 0.04500014653812915
-1.8778778778778777 0.16670346935049993 0.03375729620000033
-1.86986986986987 0.2262518725238427 0.041136516943714306
-1.861861861861862 0.26105399277178304 0.046712812527871246
-1.8538538538538538 0.22283499438796944 0.042210729841085114
-1.845845845845846 0.3318495234528936 0.05457686632733018
-1.8378378378378377 0.32047986521392996 0.054772799001354816
-1.82982982982983 0.3128230538070866 0.05623655971303261
-1.821821821821822 0.21556866331492894 0.04149169981683341
-1.8138138138138138 0.16130978787038797 0.02825932190808953
-1.805805805805806 0.27340250379428654 0.05109418245412601
-1.7977977977977977 0.2325387602054282 0.048709667126332186
-1.7897897897897899 0.19552836396482398 0.04028620945264507
-1.7817817817817816 0.32159804033701117 0.0605011606166444
-1.7737737737737738 0.28635143228905674 0.054167432200298134
-1.765765765765766 0.255906330783498 0.046833767305875004
-1.7577577577577577 0.18696969481320622 0.03958090966685059
-1.7497497497497498 0.24238457925771467 0.047601910611194474
-1.7417417417417416 0.16595072075960365 0.034033498282609605
-1.7337337337337337 0.14925977440703772 0.02930273317210128
-1.725725725725726 0.21514684082174082 0.04478883324394601
-1.7177177177177176 0.24125585712612008 0.04756013153755208
-1.7097097097097098 0.16148562955327253 0.03822703403959454
-1.7017017017017015 0.1869502195125379 0.04205791485984737
-1.6936936936936937 0.18218566177401876 0.03606298327337627
-1.6856856856856859 0.24235068861814613 0.04911756841210519
-1.6776776776776776 0.14168408028653268 0.029589811005992697
-1.6696696696696698 0.20057404244891575 0.041982304098126755
-1.6616616616616615 0.19528476151036625 0.04320940237154884
-1.6536536536536537 0.162997927741566 0.030883358914030316
-1.6456456456456459 0.19972324879882833 0.041200164972285264
-1.6376376376376376 0.1197634402454998 0.028982153513514235
-1.6296296296296298 0.16708651528099022 0.036336145185143595
-1.6216216216216215 0.205757827034488 0.04216124100229357
-1.6136136136136137 0.13753455732571182 0.027831779740950125
-1.6056056056056058 0.14562291688382492 0.0328878196691472
-1.5975975975975976 0.18803938444530005 0.03673088954031155
-1.5895895895895897 0.15877198645114207 0.03153449373051315
-1.5815815815815815 0.18322400483053305 0.04160995160667289
-1.5735735735735736 0.19713677750398906 0.04140617889687337
-1.5655655655655654 0.16975735616031676 0.03723538063567606
-1.5575575575575575 0.20283565852342025 0.04032393926907591
-1.5495495495495497 0.17052747505995075 0.03882357676556979
-1.5415415415415414 0.1837819807815627 0.03815288226400948
-1.5335335335335336 0.18395073259783862 0.042169358072302245
-1.5255255255255253 0.16071267444330695 0.03560353043504837
-1.5175175175175175 0.10480815598192204 0.026485529390923256
-1.5095095095095097 0.1477686917525062 0.03619004163293356
-1.5015015015015014 0.14922067886307913 0.03626887038697786
-1.4934934934934936 0.15422995912637522 0.03301604280316667
-1.4854854854854853 0.20810670175372073 0.048455686113931945
-1.4774774774774775 0.1469774748118592 0.034377368943625045
-1.4694694694694697 0.2136579307978034 0.04714058850643672
-1.4614614614614614 0.17563973201091576 0.042044986562332624
-1.4534534534534536 0.12718174621065534 0.02948587344652539
-1.4454454454454453 0.1658702620305508 0.04017433219372768
-1.4374374374374375 0.14351673799208475 0.03323874732955894
-1.4294294294294296 0.1228606185845861 0.030138074124848147
-1.4214214214214214 0.09605888894788552 0.029774467621569
-1.4134134134134135 0.22399220949230791 0.050892007297931724
-1.4054054054054053 0.15475791778836787 0.03626886707600633
-1.3973973973973974 0.17008027313215165 0.03982715962655926
-1.3893893893893896 0.13642251027794303 0.031249909342420407
-1.3813813813813813 0.10435180592154801 0.02751144862197032
-1.3733733733733735 0.09085665428439893 0.02907188229754768
-1.3653653653653652 0.19359922056698411 0.04563644396039187
-1.3573573573573574 0.10577677446730716 0.027245307146686246
-1.3493493493493496 0.09161442511903654 0.02475078514874697
-1.3413413413413413 0.13494531995801068 0.03304005531322177
-1.3333333333333335 0.09629630375028873 0.02589117255420116
-1.3253253253253252 0.12960731838938053 0.03300457312728186
-1.3173173173173174 0.128968543072304 0.037716734296791316
-1.3093093093093096 0.1174298670403751 0.03262881343904526
-1.3013013013013013 0.06931117035566792 0.023074366151520958
-1.2932932932932935 0.1157785439073802 0.029673019839679023
-1.2852852852852852 0.14897217233850632 0.03822637830333721
-1.2772772772772774 0.11664246813029633 0.031269029551661845
-1.269269269269269 0.15183643162929905 0.03460587449777764
-1.2612612612612613 0.07336908110919647 0.0202624837159862
-1.2532532532532534 0.07808708710735032 0.02585285475932067
-1.2452452452452452 0.12100946172859703 0.03299006436527846
-1.2372372372372373 0.052364951961271555 0.010838114195098036
-1.229229229229229 0.08732024827150432 0.028701872469877467
-1.2212212212212212 0.11969626142644675 0.03322146146044235
-1.2132132132132134 0.10886675323151958 0.031302257755266995
-1.2052052052052051 0.0643786335664543 0.018073511547085124
-1.1971971971971973 0.06668393316533645 0.02225678558977975
-1.189189189189189 0.10952779475872211 0.03038383142370149
-1.1811811811811812 0.07617482396684697 0.026379216104345408
-1.1731731731731734 0.13197492153313867 0.03644425374676431
-1.165165165165165 0.11150660465303214 0.02962557415707673
-1.1571571571571573 0.09758578485230487 0.02608174150534737
-1.149149149149149 0.06634120844015867 0.02176031954254129
-1.1411411411411412 0.07239786931670743 0.022570333453465517
-1.1331331331331334 0.11402256660745762 0.03515755321492139
-1.125125125125125 0.10500377716955368 0.027285706165725013
-1.1171171171171173 0.08347420303315033 0.026002108669164706
-1.109109109109109 0.15013785197959942 0.036107491637200666
-1.1011011011011012 0.13663367431664528 0.03523691368511446
-1.0930930930930933 0.06949242162114062 0.020074815838282307
-1.085085085085085 0.14187313706134697 0.03713281909527811
-1.0770770770770772 0.07721570097374475 0.01969371408499208
-1.069069069069069 0.11677864845974416 0.03046777088608112
-1.0610610610610611 0.09694489331592089 0.031754041606602515
-1.0530530530530529 0.10900285467584317 0.029199956062857933
-1.045045045045045 0.10476028760278022 0.031627092259142446
-1.0370370370370372 0.1461211454980122 0.04078755528253582
-1.029029029029029 0.10495492976313957 0.03179803991113826
-1.021021021021021 0.10093875556478775 0.029154205566975563
-1.0130130130130128 0.14167003918802257 0.0363506502069193
-1.005005005005005 0.07441409297476105 0.02729835690487199
-0.9969969969969972 0.22491067828940484 0.0507205417040142
-0.9889889889889889 0.1217074296826015 0.03301306925832193
-0.9809809809809811 0.09474196752237654 0.030045105967667917
-0.9729729729729728 0.078582106789567 0.025157844476485808
-0.964964964964965 0.04594448699088891 0.015206867169502421
-0.9569569569569571 0.08175829485837034 0.026068261098994155
-0.9489489489489489 0.08523927481853565 0.025096902247376075
-0.940940940940941 0.1128720029999636 0.030037607518058278
-0.9329329329329328 0.11480057138782102 0.03755075959864288
-0.924924924924925 0.07693334030539034 0.023794335248396612
-0.9169169169169171 0.11015850070374422 0.035971430647534955
-0.9089089089089089 0.04918784601133462 0.011461180857906351
-0.900900900900901 0.06782157385809269 0.017123194078015772
-0.8928928928928928 0.07280282631690647 0.024155064907814952
-0.8848848848848849 0.13166737780031137 0.03841320575161171
-0.8768768768768771 0.05165514170499534 0.015338493359639547
-0.8688688688688688 0.11583467491492686 0.03022551906766239
-0.860860860860861 0.11962394856587116 0.03237268378559587
-0.8528528528528527 0.061836363495254565 0.020400712757425627
-0.8448448448448449 0.11890883655497307 0.03512282922012527
-0.8368368368368371 0.10533823257827923 0.030782993228889093
-0.8288288288288288 0.08796322522922626 0.028193938256194366
-0.820820820820821 0.10112906451257593 0.02946375485777273
-0.8128128128128127 0.06303562071808987 0.02118686802619153
-0.8048048048048049 0.07927999433780542 0.024498984603854138
-0.796796796796797 0.09505059949541488 0.029222506129445446
-0.7887887887887888 0.07296347628703906 0.02576613552123535
-0.780780780780781 0.07727740403209317 0.02200948245697863
-0.7727727727727727 0.14669343480089952 0.037179872600978624
-0.7647647647647648 0.08982986877670801 0.029405953789906264
-0.7567567567567566 0.04750094328296762 0.015978552059422963
-0.7487487487487487 0.12655350210001418 0.036335797499885046
-0.7407407407407409 0.08081408663252704 0.02555638220377187
-0.7327327327327327 0.09458920821670824 0.029254913129447082
-0.7247247247247248 0.0882748861907695 0.024312909098087008
-0.7167167167167166 0.048150099193683564 0.017387881388487538
-0.7087087087087087 0.09690789161731674 0.03072279507941564
-0.7007007007007009 0.07020963624683813 0.024973597639357466
-0.6926926926926926 0.11370904071322568 0.030437346641323654
-0.6846846846846848 0.05473511382284371 0.019779707838169437
-0.6766766766766765 0.13135101276291677 0.03448561617956824
-0.6686686686686687 0.09166367753958629 0.026601326527646667
-0.6606606606606609 0.07174345480348616 0.01803904177129966
-0.6526526526526526 0.08453358060771497 0.026237331667951284
-0.6446446446446448 0.05425649004202577 0.020493469628175935
-0.6366366366366365 0.05873854544965421 0.020415074180207403
-0.6286286286286287 0.11824598656562547 0.033663911200167
-0.6206206206206208 0.10160686236276865 0.031156725519865577
-0.6126126126126126 0.07656249737484482 0.026336874058343673
-0.6046046046046047 0.10286528562743066 0.031130544754009153
-0.5965965965965965 0.062291610623739876 0.02504060917380453
-0.5885885885885886 0.10852473707127296 0.03572022108907427
-0.5805805805805808 0.15996156062086986 0.04443679070070691
-0.5725725725725725 0.07411199788134165 0.020479208412254042
-0.5645645645645647 0.08382754388751132 0.030142245983276812
-0.5565565565565564 0.09364902323617656 0.025123453793740425
-0.5485485485485486 0.06435790392039746 0.023927474403653285
-0.5405405405405403 0.06874577339158042 0.020099113291026392
-0.5325325325325325 0.10568821094830473 0.03298534590448356
-0.5245245245245247 0.0603652837139756 0.019822113636048896
-0.5165165165165164 0.09550233511097911 0.03192382200106403
-0.5085085085085086 0.05305029422661595 0.01664680562239622
-0.5005005005005003 0.10549622651623236 0.030708491684018784
-0.4924924924924925 0.06903194304139774 0.025968904408546562
-0.48448448448448467 0.0923241367831104 0.029465665448307816
-0.4764764764764764 0.08714869574833514 0.026659428470453793
-0.46846846846846857 0.0704115538017107 0.021916647936807268
-0.4604604604604603 0.06969705955964307 0.022682506211093693
-0.45245245245245247 0.08869620160790953 0.02793764751589961
-0.44444444444444464 0.09349275824601837 0.027083475081229914
-0.43643643643643637 0.11757738112940001 0.034876049958589755
-0.42842842842842854 0.12386491423550373 0.0368925544778859
-0.42042042042042027 0.06403154869167553 0.023625488878213797
-0.41241241241241244 0.08329461627331243 0.028764271614454745
-0.4044044044044046 0.05291898185619619 0.020343409249744083
-0.39639639639639634 0.07678552837276752 0.02434035428897018
-0.3883883883883885 0.07484801698906997 0.02506472499773603
-0.38038038038038025 0.08590775219780997 0.02731096658867441
-0.3723723723723724 0.06038733879304778 0.02047976208540059
-0.3643643643643646 0.05262113080616387 0.01999162308140788
-0.3563563563563563 0.08465058717239118 0.02561019358751993
-0.3483483483483485 0.05721301299700913 0.02003834194106009
-0.3403403403403402 0.05876730119986266 0.01873460850307898
-0.3323323323323324 0.07343114197400265 0.024362538226685607
-0.32432432432432456 0.05428283956414195 0.017072662056295013
-0.3163163163163163 0.07599333547860637 0.023243578147594035
-0.30830830830830847 0.04971349042872557 0.018520620324981106
-0.3003003003003002 0.07026232203236507 0.023168765209012423
-0.29229229229229237 0.05487170614972787 0.021184958984128168
-0.28428428428428454 0.05708556554822719 0.024775761447810223
-0.27627627627627627 0.03659632974995731 0.013783743570560442
-0.26826826826826844 0.02826645000354966 0.008736532267342473
-0.26026026026026017 0.07553912060652958 0.02571538029738389
-0.25225225225225234 0.0996637331324031 0.030698794290484003
-0.24424424424424407 0.07699755166264728 0.022952505350603895
-0.23623623623623624 0.07993782658060862 0.028418827281632388
-0.2282282282282284 0.11879733271699344 0.03578137574247338
-0.22022022022022014 0.04402328247749082 0.013798960842210219
-0.21221221221221231 0.09713992380207237 0.03041114986129979
-0.20420420420420404 0.0579532104958206 0.01935392293673939
-0.19619619619619622 0.07099750511176929 0.026017444079992676
-0.1881881881881884 0.05547123250235243 0.01856429910791437
-0.18018018018018012 0.07794015677123334 0.023282815110403206
-0.1721721721721723 0.0994955333160781 0.030896500634341587
-0.16416416416416402 0.059505351320928254 0.020686955710322828
-0.1561561561561562 0.07917474195996642 0.025895807953716887
-0.14814814814814836 0.1048771001851654 0.03257376993229618
-0.1401401401401401 0.10224123677250037 0.029008574535982882
-0.13213213213213226 0.05803084016610302 0.021926263057987245
-0.12412412412412399 0.06445613607113941 0.022417648263773998
-0.11611611611611616 0.036244277092940896 0.013632771405604947
-0.10810810810810834 0.08640301400562456 0.030374246723501433
-0.10010010010010006 0.11680234608062612 0.03465628312882378
-0.09209209209209224 0.026388909049353166 0.0068818858128821625
-0.08408408408408397 0.06579695565986468 0.02304191980597817
-0.07607607607607614 0.07458235408909801 0.028278563794020523
-0.06806806806806831 0.07781895763755256 0.027271657136943427
-0.06006006006006004 0.055607263598919605 0.02123242010155798
-0.05205205205205221 0.1059298373868958 0.02942298215331245
-0.04404404404404394 0.055881129118016626 0.0211332518555777
-0.03603603603603611 0.07120215937143484 0.02297180204503288
-0.02802802802802784 0.14227408284401435 0.041082117227789636
-0.020020020020020013 0.12574375121930392 0.035662081550339814
-0.012012012012012185 0.10038555611722502 0.02781560252302381
-0.004004004004003914 0.09757259299683504 0.025595995980542196
0.004004004004004358 0.09757259299620523 0.02559599598035402
0.012012012012012185 0.10038555611769748 0.02781560252319031
0.020020020020020013 0.1257437512191908 0.0356620815502966
0.02802802802802784 0.1422740828436083 0.04108211722766173
0.03603603603603567 0.07120215937165086 0.022971802045103438
0.044044044044044384 0.05588112911838551 0.021133251855742795
0.05205205205205221 0.10592983738667726 0.02942298215319962
0.06006006006006004 0.05560726359865149 0.021232420101334918
0.06806806806806787 0.07781895763767807 0.027271657136989823
0.0760760760760757 0.07458235408894814 0.028278563793941766
0.08408408408408441 0.06579695565952326 0.023041919805793887
0.09209209209209224 0.026388909049369927 0.006881885812877003
0.10010010010010006 0.11680234608024029 0.03465628312865441
0.10810810810810789 0.08640301400526486 0.03037424672340015
0.11611611611611572 0.03624427709311644 0.01363277140573065
0.12412412412412444 0.06445613607123626 0.022417648263744913
0.13213213213213226 0.058030840166404765 0.021926263058154608
0.1401401401401401 0.10224123677238155 0.02900857453597967
0.14814814814814792 0.10487710018576302 0.032573769932513603
0.15615615615615575 0.07917474195943669 0.02589580795349283
0.16416416416416446 0.059505351321050635 0.020686955710414623
0.1721721721721723 0.09949553331681504 0.030896500634547585
0.18018018018018012 0.077940156771401 0.02328281511049178
0.18818818818818794 0.05547123250236518 0.01856429910789471
0.19619619619619577 0.07099750511169858 0.02601744407998229
0.2042042042042045 0.057953210495355234 0.019353922936547266
0.21221221221221231 0.09713992380230652 0.03041114986139883
0.22022022022022014 0.04402328247776702 0.013798960842329289
0.22822822822822797 0.11879733271658302 0.035781375742368206
0.2362362362362358 0.07993782658064558 0.02841882728171039
0.2442442442442445 0.07699755166310607 0.022952505350784216
0.25225225225225234 0.09966373313250004 0.030698794290513014
0.26026026026026017 0.07553912060670318 0.025715380297465007
0.268268268268268 0.02826645000342632 0.008736532267277558
0.2762762762762758 0.036596329749896836 0.01378374357058387
0.28428428428428454 0.05708556554789206 0.02477576144761318
0.29229229229229237 0.05487170614970184 0.021184958984141317
0.3003003003003002 0.07026232203252697 0.023168765209132795
0.308308308308308 0.0497134904285891 0.01852062032489599
0.31631631631631585 0.0759933354784997 0.023243578147545508
0.32432432432432456 0.054282839564381034 0.017072662056421186
0.3323323323323324 0.07343114197403736 0.024362538226732063
0.3403403403403402 0.058767301199597416 0.018734608502856444
0.34834834834834805 0.057213012996471704 0.020038341940764325
0.3563563563563559 0.08465058717208064 0.025610193587426704
0.3643643643643646 0.05262113080590284 0.019991623081365237
0.3723723723723724 0.06038733879271244 0.020479762085307465
0.38038038038038025 0.0859077521977879 0.027310966588569578
0.3883883883883881 0.07484801698892546 0.0250647249977023
0.3963963963963968 0.07678552837200983 0.02434035428875903
0.4044044044044046 0.05291898185596002 0.020343409249655987
0.41241241241241244 0.08329461627351388 0.028764271614537457
0.42042042042042027 0.06403154869143912 0.023625488878084803
0.4284284284284281 0.12386491423550473 0.036892554477867476
0.4364364364364368 0.11757738112816055 0.0348760499581578
0.44444444444444464 0.09349275824674785 0.027083475081467284
0.45245245245245247 0.08869620160835574 0.027937647516122918
0.4604604604604603 0.06969705956015328 0.02268250621131688
0.4684684684684681 0.07041155380216625 0.021916647937025167
0.47647647647647684 0.08714869574770213 0.026659428470120667
0.48448448448448467 0.09232413678315043 0.02946566544823446
0.4924924924924925 0.06903194304130007 0.02596890440853104
0.5005005005005003 0.10549622651604568 0.030708491684014592
0.5085085085085082 0.05305029422725334 0.016646805622651615
0.5165165165165169 0.09550233511128657 0.031923822001279724
0.5245245245245247 0.06036528371426623 0.019822113636091286
0.5325325325325325 0.10568821094926109 0.032985345904746846
0.5405405405405403 0.06874577339201313 0.020099113291150123
0.5485485485485482 0.06435790391961196 0.023927474403209067
0.5565565565565569 0.09364902323566199 0.02512345379350848
0.5645645645645647 0.0838275438869625 0.03014224598306013
0.5725725725725725 0.07411199788002124 0.02047920841174738
0.5805805805805804 0.15996156062066733 0.044436790700606264
0.5885885885885882 0.10852473707194518 0.03572022108938905
0.5965965965965969 0.062291610623974196 0.025040609173854617
0.6046046046046047 0.10286528562746418 0.03113054475400136
0.6126126126126126 0.07656249737487454 0.026336874058502633
0.6206206206206204 0.1016068623627877 0.031156725519958822
0.6286286286286282 0.11824598656685806 0.033663911200749595
0.6366366366366369 0.058738545449632806 0.02041507418013769
0.6446446446446448 0.05425649004207618 0.020493469628206543
0.6526526526526526 0.0845335806074133 0.02623733166768956
0.6606606606606604 0.07174345480317088 0.018039041771319875
0.6686686686686683 0.09166367753953437 0.026601326527607768
0.676676676676677 0.13135101276275266 0.034485616179531255
0.6846846846846848 0.054735113822104386 0.019779707837786598
0.6926926926926926 0.11370904071387802 0.030437346641633754
0.7007007007007005 0.07020963624715329 0.02497359763961716
0.7087087087087083 0.09690789161701176 0.030722795079362254
0.716716716716717 0.048150099193728 0.017387881388446148
0.7247247247247248 0.08827488619084702 0.02431290909811579
0.7327327327327327 0.09458920821686131 0.029254913129385416
0.7407407407407405 0.08081408663232387 0.025556382203531434
0.7487487487487483 0.12655350209940994 0.03633579749976755
0.756756756756757 0.047500943282593674 0.01597855205918824
0.7647647647647648 0.0898298687766827 0.029405953789908526
0.7727727727727727 0.14669343480173785 0.037179872601208815
0.7807807807807805 0.07727740403331597 0.022009482457489533
0.7887887887887883 0.07296347628690995 0.025766135521120892
0.796796796796797 0.09505059949721968 0.029222506130049345
0.8048048048048049 0.07927999433734476 0.024498984603717903
0.8128128128128127 0.06303562071778694 0.021186868026095127
0.8208208208208205 0.10112906451273503 0.02946375485794546
0.8288288288288284 0.08796322522976303 0.02819393825648097
0.8368368368368371 0.10533823257893471 0.030782993229183195
0.8448448448448449 0.11890883655491949 0.03512282922017177
0.8528528528528527 0.061836363495797984 0.020400712757726588
0.8608608608608606 0.11962394856595165 0.03237268378567428
0.8688688688688693 0.11583467491516963 0.030225519067579764
0.8768768768768771 0.051655141704943425 0.015338493359599128
0.8848848848848849 0.13166737779958426 0.03841320575118018
0.8928928928928928 0.07280282631645738 0.024155064907617926
0.9009009009009006 0.06782157385775536 0.01712319407810136
0.9089089089089093 0.049187846011287256 0.011461180857925796
0.9169169169169171 0.11015850070303362 0.035971430647379586
0.924924924924925 0.07693334030649349 0.023794335248820662
0.9329329329329328 0.11480057138833841 0.037550759598749636
0.9409409409409406 0.11287200300193155 0.030037607518612907
0.9489489489489493 0.08523927481871109 0.025096902247486386
0.9569569569569571 0.08175829485904042 0.02606826109947925
0.964964964964965 0.04594448699025023 0.015206867169114815
0.9729729729729728 0.07858210678975178 0.025157844476709774
0.9809809809809806 0.094741967523415 0.030045105968029628
0.9889889889889893 0.12170742968163042 0.03301306925788823
0.9969969969969972 0.22491067828956968 0.050720541704032986
1.005005005005005 0.07441409297415079 0.02729835690467745
1.0130130130130128 0.14167003918771828 0.03635065020678613
1.0210210210210207 0.10093875556489317 0.029154205567045264
1.0290290290290294 0.10495492976266367 0.03179803991106694
1.0370370370370372 0.14612114549866853 0.04078755528281486
1.045045045045045 0.1047602876029107 0.03162709225911205
1.0530530530530529 0.10900285467759145 0.029199956063710654
1.0610610610610607 0.09694489331674003 0.0317540416068989
1.0690690690690694 0.11677864845892862 0.030467770885770303
1.0770770770770772 0.07721570097304305 0.019693714084945888
1.085085085085085 0.14187313705979582 0.03713281909490679
1.0930930930930929 0.06949242162129811 0.020074815838426893
1.1011011011011007 0.13663367431692575 0.03523691368516579
1.1091091091091094 0.1501378519793495 0.036107491637039586
1.1171171171171173 0.08347420303267378 0.026002108668883202
1.125125125125125 0.10500377717002077 0.027285706165807954
1.133133133133133 0.114022566609016 0.03515755321541992
1.1411411411411407 0.07239786931589734 0.02257033345320703
1.1491491491491495 0.06634120844073284 0.021760319542769347
1.1571571571571573 0.09758578485235524 0.026081741505236275
1.165165165165165 0.11150660465403027 0.029625574157517005
1.173173173173173 0.1319749215339379 0.03644425374733237
1.1811811811811808 0.07617482396626599 0.026379216104215043
1.1891891891891895 0.10952779475900312 0.03038383142407617
1.1971971971971973 0.06668393316674075 0.0222567855904843
1.2052052052052051 0.06437863356655225 0.018073511547167225
1.213213213213213 0.10886675323068613 0.031302257754883045
1.2212212212212208 0.11969626142552564 0.03322146146005964
1.2292292292292295 0.08732024827052891 0.028701872469280045
1.2372372372372373 0.052364951962318086 0.010838114195619468
1.2452452452452452 0.12100946173041288 0.03299006436593549
1.253253253253253 0.07808708710937638 0.02585285476021683
1.2612612612612608 0.07336908111015941 0.020262483716483738
1.2692692692692695 0.15183643163087487 0.03460587449811913
1.2772772772772774 0.11664246813037465 0.031269029551770855
1.2852852852852852 0.14897217233614998 0.03822637830280612
1.293293293293293 0.11577854390677532 0.029673019839268584
1.3013013013013008 0.06931117035460602 0.02307436615073116
1.3093093093093096 0.1174298670392073 0.03262881343848828
1.3173173173173174 0.12896854307263575 0.03771673429701069
1.3253253253253252 0.12960731839003292 0.03300457312723997
1.333333333333333 0.09629630375011311 0.025891172553897723
1.3413413413413409 0.13494531995837386 0.03304005531370793
1.3493493493493496 0.09161442511911842 0.0247507851488395
1.3573573573573574 0.10577677446641723 0.027245307146277094
1.3653653653653652 0.19359922057009102 0.045636443961051265
1.373373373373373 0.09085665428382671 0.02907188229732721
1.381381381381381 0.1043518059234154 0.027511448622598855
1.3893893893893896 0.1364225102756169 0.03124990934170262
1.3973973973973974 0.17008027313252488 0.03982715962676457
1.4054054054054053 0.1547579177871613 0.036268867075819534
1.413413413413413 0.22399220949050877 0.05089200729739309
1.4214214214214218 0.09605888894482131 0.029774467620232763
1.4294294294294296 0.12286061858515294 0.030138074125007925
1.4374374374374375 0.1435167379923067 0.03323874732966141
1.4454454454454453 0.16587026203274904 0.0401743321941096
1.4534534534534531 0.12718174621271547 0.02948587344718953
1.4614614614614618 0.17563973201072888 0.04204498656229975
1.4694694694694697 0.21365793079748385 0.047140588506187374
1.4774774774774775 0.14697747480990717 0.0343773689427502
1.4854854854854853 0.20810670175314389 0.04845568611398876
1.4934934934934931 0.1542299591263199 0.033016042803048824
1.5015015015015019 0.14922067886031704 0.03626887038621814
1.5095095095095097 0.14776869175142904 0.03619004163245253
1.5175175175175175 0.10480815598107335 0.02648552939039262
1.5255255255255253 0.16071267444245316 0.03560353043465101
1.5335335335335332 0.18395073260042719 0.0421693580727842
1.5415415415415419 0.18378198078345792 0.03815288226477553
1.5495495495495497 0.1705274750614366 0.03882357676616816
1.5575575575575575 0.20283565852276159 0.04032393926879601
1.5655655655655654 0.16975735615798376 0.03723538063487326
1.5735735735735732 0.19713677750463635 0.04140617889708947
1.581581581581582 0.18322400482923676 0.04160995160660427
1.5895895895895897 0.15877198645134816 0.03153449373096103
1.5975975975975976 0.18803938444815985 0.036730889540943834
1.6056056056056054 0.1456229168822299 0.03288781966873374
1.6136136136136132 0.1375345573234634 0.02783177974033233
1.621621621621622 0.20575782703478337 0.04216124100240041
1.6296296296296298 0.16708651528047366 0.03633614518505886
1.6376376376376376 0.1197634402462317 0.028982153513770946
1.6456456456456454 0.19972324879768816 0.041200164972084626
1.6536536536536532 0.16299792774255534 0.030883358914334892
1.661661661661662 0.19528476150852836 0.04320940237064692
1.6696696696696698 0.2005740424482991 0.04198230409779469
1.6776776776776776 0.14168408028600785 0.029589811006350084
1.6856856856856854 0.2423506886176534 0.04911756841194974
1.6936936936936933 0.18218566177329526 0.0360629832733665
1.701701701701702 0.18695021951293325 0.04205791485998537
1.7097097097097098 0.1614856295562304 0.03822703404039407
1.7177177177177176 0.2412558571275844 0.04756013153783946
1.7257257257257255 0.2151468408238358 0.04478883324447523
1.7337337337337333 0.14925977440968252 0.029302733172957438
1.741741741741742 0.16595072075992368 0.034033498282850926
1.7497497497497498 0.24238457925950768 0.047601910611271336
1.7577577577577577 0.18696969481566522 0.03958090966717786
1.7657657657657655 0.25590633078188163 0.0468337673051377
1.7737737737737733 0.28635143229414173 0.054167432201310164
1.781781781781782 0.32159804033753586 0.06050116061689349
1.7897897897897899 0.19552836396562417 0.04028620945272637
1.7977977977977977 0.23253876020707442 0.04870966712685077
1.8058058058058055 0.2734025037942973 0.051094182453977614
1.8138138138138133 0.16130978787104214 0.028259321908175167
1.821821821821822 0.21556866331294722 0.04149169981638959
1.82982982982983 0.3128230538093473 0.05623655971350857
1.8378378378378377 0.32047986520992344 0.054772799000715126
1.8458458458458455 0.33184952345125973 0.05457686632704949
1.8538538538538534 0.2228349943892438 0.04221072984118686
1.861861861861862 0.26105399277576685 0.04671281252886922
1.86986986986987 0.22625187252340298 0.041136516943803866
1.8778778778778777 0.16670346934693972 0.033757296198749905
1.8858858858858856 0.2474221183208997 0.04500014653845908
1.8938938938938943 0.2890126449600494 0.04724950338282831
1.9019019019019021 0.23435708345391082 0.0453362613020191
1.90990990990991 0.23854115746099122 0.04703348325685333
1.9179179179179178 0.2350685358387237 0.04316281105003888
1.9259259259259256 0.30302156191523505 0.05274144453661123
1.9339339339339343 0.27083372734822475 0.047920165420436686
1.9419419419419421 0.27880869391998997 0.051401254771243916
1.94994994994995 0.19951320225270577 0.034142934191909294
1.9579579579579578 0.2860882728037812 0.04767320345880558
1.9659659659659656 0.29611451272116734 0.048178424770480704
1.9739739739739743 0.29992560441283284 0.05050995524728167
1.9819819819819822 0.27256956628043527 0.045184172999587706
1.98998998998999 0.43348663830131856 0.063243307775051
1.9979979979979978 0.43117201179271497 0.06470419257199578
2.0060060060060056 0.3263029854830362 0.054126912827418695
2.0140140140140144 0.3191959761642621 0.053561973164648016
2.022022022022022 0.3363241754391931 0.05050419566513535
2.03003003003003 0.3525199862594907 0.05661491137067816
2.038038038038038 0.25672076103872277 0.045194412750858615
2.0460460460460457 0.41056678754223463 0.06512476049436026
2.0540540540540544 0.28239468203875173 0.050714827312975004
2.062062062062062 0.27192516979289527 0.0452801983010334
2.07007007007007 0.2647357235581501 0.04222150306382763
2.078078078078078 0.30642295016941584 0.05333229950117882
2.0860860860860857 0.23526567394261194 0.044777407368933216
2.0940940940940944 0.23293329499632393 0.04335387130449117
2.1021021021021022 0.4071585729578702 0.06582531824510618
2.11011011011011 0.2905087108690389 0.047883523960013094
2.118118118118118 0.23312241164399025 0.04011184996369014
2.1261261261261257 0.2870906011534208 0.05219261386605936
2.1341341341341344 0.2681424269883711 0.041990913174453456
2.1421421421421423 0.2558900912506399 0.04151417288514222
2.15015015015015 0.2090276598333804 0.03842322729382508
2.158158158158158 0.20170151368187209 0.03639111573606733
2.1661661661661658 0.34799931266406964 0.055840046184478284
2.1741741741741745 0.17663735185156723 0.03148397323480489
2.1821821821821823 0.29972879212742337 0.05022844460147084
2.19019019019019 0.32622919726567046 0.05738733520921745
2.198198198198198 0.2800550161650863 0.049767578199763136
2.2062062062062058 0.2911756544881648 0.050088503956152865
2.2142142142142145 0.2338182267239903 0.048011157182933605
2.2222222222222223 0.2505601113537465 0.04411836775764023
2.23023023023023 0.3908920042050834 0.06195004109247653
2.238238238238238 0.28584906380213587 0.051360724966076424
2.246246246246246 0.23061665046252386 0.044886014115105684
2.2542542542542545 0.2315936070713205 0.04173205205257347
2.2622622622622623 0.329777488949212 0.052771072814732284
2.27027027027027 0.22116950640399635 0.04561288618483948
2.278278278278278 0.29396151184356367 0.048888775626772144
2.286286286286286 0.3052750217856893 0.05430075099813845
2.2942942942942945 0.2367181934131509 0.045696612489758634
2.3023023023023024 0.13847917975685284 0.027725360632889804
2.31031031031031 0.2937298681857752 0.05443822167754754
2.318318318318318 0.2558144941218194 0.04258507049346556
2.326326326326326 0.22490764866035112 0.04094522050460686
2.3343343343343346 0.3706613079552435 0.05929898263014803
2.3423423423423424 0.2394479325938607 0.04865278945154503
2.3503503503503502 0.3830333650373247 0.06142723924245566
2.358358358358358 0.18168236862037446 0.03518438959838393
2.366366366366366 0.2676627689574778 0.0461903559127949
2.3743743743743746 0.2852544726845575 0.05174944960596112
2.3823823823823824 0.24577640042716306 0.04392357742410121
2.3903903903903903 0.2871431649567467 0.049778242238144275
2.398398398398398 0.2302930775813456 0.042473050987665406
2.406406406406406 0.28295621359012096 0.050882910532988906
2.4144144144144146 0.2525208319889596 0.04368529241015502
2.4224224224224224 0.2821493683116273 0.05348763935627962
2.4304304304304303 0.23140804039446883 0.04608767908586894
2.438438438438438 0.18845414348461118 0.03634503799840862
2.446446446446447 0.17059722420676862 0.03237400380775435
2.4544544544544546 0.2624587661263524 0.04476314496743863
2.4624624624624625 0.2242907248687906 0.04096434630688467
2.4704704704704703 0.3358267953932225 0.05708982744691406
2.478478478478478 0.24014905280287147 0.04459287994707716
2.486486486486487 0.22170909713021242 0.04184156762967322
2.4944944944944947 0.25068103306346423 0.045951997196212756
2.5025025025025025 0.2765206692059238 0.05136482356192206
2.5105105105105103 0.23884107117989514 0.039085266000070736
2.518518518518518 0.22477784311855334 0.04471733691101299
2.526526526526527 0.2463946178316498 0.04545245817160091
2.5345345345345347 0.20260095813072942 0.041359877795349186
2.5425425425425425 0.16945013732898628 0.0314182112254671
2.5505505505505504 0.2116460429379293 0.03741314672712362
2.558558558558558 0.20832126281452182 0.039762880099645556
2.566566566566567 0.2148976207129387 0.043100386370121306
2.5745745745745747 0.20915630056682935 0.04298177700399855
2.5825825825825826 0.2750255860012721 0.04560845873676681
2.5905905905905904 0.2786612471050337 0.05177893803319041
2.598598598598598 0.20163322895217256 0.04147778837968764
2.606606606606607 0.2405404418150133 0.045423665153675824
2.6146146146146148 0.31805344982052514 0.05545413640349151
2.6226226226226226 0.2244798086972551 0.040601605787316725
2.6306306306306304 0.1862975535209109 0.040758945876378176
2.6386386386386382 0.2752031824789098 0.0502799334186704
2.646646646646647 0.24299919440467813 0.04601878862879028
2.6546546546546548 0.25889682275716436 0.04778232980655384
2.6626626626626626 0.28066045971994186 0.049777216215204416
2.6706706706706704 0.2137139028281093 0.03885161514554943
2.6786786786786783 0.1589559299327843 0.03143139723685357
2.686686686686687 0.23746017171535413 0.048104369226785515
2.694694694694695 0.27817825117321227 0.050831046049033324
2.7027027027027026 0.23190879968600525 0.04593828779200848
2.7107107107107105 0.24038622653245223 0.03798685930602624
2.7187187187187183 0.2779126859001237 0.05043213427730775
2.726726726726727 0.2973048913825565 0.052199761279794574
2.734734734734735 0.21060461474141168 0.04358275937402407
2.7427427427427427 0.3280798947087302 0.05765128200046201
2.7507507507507505 0.3084677456711007 0.05508700204799981
2.7587587587587583 0.2361125322717912 0.046445135014367755
2.766766766766767 0.27779375691787306 0.05072165791911768
2.774774774774775 0.26836440837487674 0.05041866804077066
2.7827827827827827 0.29773244959126655 0.05393074260937977
2.7907907907907905 0.17279278900029552 0.035846850003014456
2.7987987987987983 0.18221624035717332 0.03888633903077716
2.806806806806807 0.3142520006593669 0.051172629062156486
2.814814814814815 0.2378966941300119 0.04689577782486436
2.8228228228228227 0.2138802256972005 0.0357376819837028
2.8308308308308305 0.1674830173819932 0.036563194992591794
2.8388388388388384 0.2315167948341872 0.04635183145630779
2.846846846846847 0.0986599305850435 0.020630559557436434
2.854854854854855 0.11442302174179342 0.026533492031521232
2.8628628628628627 0.10842320494846318 0.030225862712744724
2.8708708708708706 0.11783341192862717 0.03024585733088816
2.8788788788788784 0.1727212236988613 0.04221676851572768
2.886886886886887 0.18166247930013338 0.041700509694293064
2.894894894894895 0.22308687050911288 0.04972816964799761
2.9029029029029028 0.20028962366224837 0.039709331470998456
2.9109109109109106 0.1143450642301966 0.028682274737145783
2.9189189189189193 0.16848991006059086 0.03621622318122862
2.926926926926927 0.14102332564340808 0.03712832188864325
2.934934934934935 0.165942615567725 0.0393710309717052
2.942942942942943 0.10321752867434365 0.02582997020722645
2.9509509509509506 0.09255190472171723 0.026228157548837134
2.9589589589589593 0.06651361992320697 0.019511497069811392
2.966966966966967 0.042462269165287614 0.0117773966483301
2.974974974974975 0.10449342706457064 0.030884404053698473
2.982982982982983 0.09855773507406165 0.027294316891875964
2.9909909909909906 0.06050068681824243 0.01512129168889355
2.9989989989989994 0.12127994112919649 0.029450056204924795
3.007007007007007 0.1337326829803889 0.03605785852426112
3.015015015015015 0.07922477129619021 0.020938462315171595
3.023023023023023 0.0867214451726811 0.030870611840704595
3.0310310310310307 0.07228651804177952 0.03034166917431842
3.0390390390390394 0.03323450759724301 0.012384028254779193
3.047047047047047 0.07765124130827758 0.026864876858375797
3.055055055055055 0.06320241429642448 0.024528621665644647
3.063063063063063 0.06822037630052585 0.025062675469237145
3.0710710710710707 0.05049716947662153 0.020185799247922315
3.0790790790790794 0.045392138796891995 0.020495714501690163
3.0870870870870872 0.015243919557774205 0.011972946121074258
3.095095095095095 0.008952467190935629 0.00488687000073952
3.103103103103103 0.046862004835950745 0.019776191404187352
3.1111111111111107 0.02119668782279785 0.008765554782395869
3.1191191191191194 0.020539249634568935 0.0170944197315421
3.1271271271271273 0.0022833108706189174 0.000624525376650445
3.135135135135135 0.012707340420988703 0.00806343955440471
3.143143143143143 0.003448019708608808 0.0019198023672750033
3.1511511511511507 0.029968565879947815 0.01994701428440714
3.1591591591591595 0.01163844434459267 0.007048538646940677
3.1671671671671673 0.009601039828186539 0.007416560354795637
3.175175175175175 0.001493633531762027 0.001083201574437019
3.183183183183183 0.0011393931981387479 0.0005411270595082985
3.1911911911911908 0.004527105357721401 0.002435586824740887
3.1991991991991995 0.0016226986223375128 0.0010831184705125199
3.2072072072072073 0.004651861274575808 0.004185949465873679
3.215215215215215 0.00040986666573589176 0.00025246668524537137
3.223223223223223 0.00020346252669850557 6.514856900664922e-05
3.231231231231231 0.007118020278377223 0.0063169834241776175
3.2392392392392395 8.237281899776127e-05 2.4323341028291226e-05
3.2472472472472473 0.00012524302937245993 5.026088052154498e-05
3.255255255255255 4.3123026287291436e-05 6.65654511840594e-06
3.263263263263263 3.3119444871994744e-05 1.3563973070699072e-06
3.271271271271271 3.0410488402628574e-05 9.00215800772129e-07
3.2792792792792795 3.035134750426965e-05 2.544412762392065e-06
3.2872872872872874 0.001178498706190041 0.0011521287400192558
3.295295295295295 2.8204496353402745e-05 3.0519200166918173e-06
3.303303303303303 2.4839412963829627e-05 7.39573523238728e-07
3.311311311311311 2.351857865984231e-05 3.463269686139323e-07
3.3193193193193196 2.2572996953289654e-05 2.3208717032585849e-07
3.3273273273273274 2.1809018822153828e-05 2.2861311921844405e-07
3.335335335335335 2.121747195372648e-05 3.4495788177453855e-07
3.343343343343343 2.0985803287760372e-05 7.74384694051174e-07
3.351351351351351 2.30616661078184e-05 3.467079210174269e-06
3.3593593593593596 0.0002597190630247844 0.00024070085386277201
3.3673673673673674 2.07380878753817e-05 2.25998330099946e-06
3.3753753753753752 1.8594049229322298e-05 6.235993958015896e-07
3.383383383383383 1.7779825559648208e-05 2.878856216479963e-07
3.391391391391391 1.7206251882414287e-05 1.6650148473403947e-07
3.3993993993993996 1.6721140882451438e-05 1.0968333615281248e-07
3.4074074074074074 1.6283711796591534e-05 7.874859382851847e-08
3.4154154154154153 1.587854054723618e-05 6.010631752327833e-08
3.423423423423423 1.5498256071552735e-05 4.799938603831773e-08
3.431431431431431 1.5138663086584297e-05 3.9661853172428496e-08
3.4394394394394396 1.4797035455719233e-05 3.363914365205328e-08
3.4474474474474475 1.4471418711560587e-05 2.911224376388723e-08
3.4554554554554553 1.416030862908733e-05 2.5594371592292338e-08
3.463463463463463 1.3862487836279153e-05 2.2782989554733325e-08
3.471471471471472 1.3576935557110091e-05 2.0482743402908727e-08
3.4794794794794797 1.3302774021342807e-05 1.8563182183850156e-08
3.4874874874874875 1.3039234566440356e-05 1.6934539548707153e-08
3.4954954954954953 1.2785634972817375e-05 1.5533344312050638e-08
3.503503503503503 1.254136356112966e-05 1.431359459688691e-08
3.511511511511512 1.230586756174004e-05 1.3241189132616062e-08
3.5195195195195197 1.2078644303616912e-05 1.2290322713937444e-08
3.5275275275275275 1.1859234338398083e-05 1.1441097863346796e-08
3.5355355355355353 1.1647215940157669e-05 1.0677907853759304e-08
3.543543543543543 1.1442200614134842e-05 9.988319839818214e-09
3.551551551551552 1.1243829366065029e-05 9.362288899631022e-09
3.5595595595595597 1.1051769558837414e-05 8.79159521662079e-09
3.5675675675675675 1.0865712232254833e-05 8.269434417555437e-09
3.5755755755755754 1.0685369794617423e-05 7.790114791118159e-09
3.583583583583583 1.051047401754832e-05 7.348830267777745e-09
3.591591591591592 1.0340774281494022e-05 6.941487897390519e-09
3.5995995995995997 1.0176036030880872e-05 6.564575078062066e-09
3.6076076076076076 1.001603940640789e-05 6.21505616063588e-09
3.6156156156156154 9.860578028327187e-06 5.8902910337947355e-09
3.6236236236236232 9.709457909420715e-06 5.587970348846995e-09
3.631631631631632 9.562496480144249e-06 5.306063481144001e-09
3.6396396396396398 9.419521711362578e-06 5.042776343553417e-09
3.6476476476476476 9.280371322449474e-06 4.7965168959748876e-09
3.6556556556556554 9.14489206441609e-06 4.5658667233909164e-09
3.6636636636636633 9.012939069267615e-06 4.3495574405807765e-09
3.671671671671672 8.884375258048744e-06 4.146450969701103e-09
3.67967967967968 8.759070801082606e-06 3.955522947098973e-09
3.6876876876876876 8.636902624777134e-06 3.775848680251385e-09
3.6956956956956954 8.51775396010464e-06 3.6065911955906885e-09
3.7037037037037033 8.401513928478079e-06 3.446991011758162e-09
3.711711711711712 8.288077161272115e-06 3.296357347731735e-09
3.71971971971972 8.177343449687001e-06 3.1540605283274138e-09
3.7277277277277276 8.069217422037995e-06 3.019525397049562e-09
3.7357357357357355 7.963608245886536e-06 2.8922255782180315e-09
3.7437437437437433 7.860429352716611e-06 2.7716784615959394e-09
3.751751751751752 7.759598183111148e-06 2.6574408019672536e-09
3.75975975975976 7.661035950601627e-06 2.5491048452520272e-09
3.7677677677677677 7.564667422555337e-06 2.4462949081257005e-09
3.7757757757757755 7.4704207166332315e-06 2.3486643488859947e-09
3.7837837837837833 7.378227111499368e-06 2.2558928769154437e-09
3.791791791791792 7.288020870593458e-06 2.1676841570144905e-09
3.7997997997998 7.199739077894333e-06 2.0837636705506395e-09
3.8078078078078077 7.1133214847041806e-06 2.003876802403079e-09
3.8158158158158155 7.028710366576039e-06 1.927787124174287e-09
3.8238238238238234 6.9458503895872354e-06 1.855274852230349e-09
3.831831831831832 6.864688485235214e-06 1.7861354586618207e-09
3.83983983983984 6.785173733297141e-06 1.7201784180934427e-09
3.8478478478478477 6.707257252052881e-06 1.6572260745343538e-09
3.8558558558558556 6.630892095323768e-06 1.5971126159872356e-09
3.8638638638638634 6.5560331558268385e-06 1.5396831436293618e-09
3.871871871871872 6.482637074386483e-06 1.4847928268756803e-09
3.87987987987988 6.410662154584458e-06 1.4323061334911817e-09
3.8878878878878878 6.340068282463182e-06 1.3820961294701411e-09
3.8958958958958956 6.2708168509297475e-06 1.3340438388236967e-09
3.9039039039039034 6.202870688535631e-06 1.2880376593853752e-09
3.911911911911912 6.136193992333632e-06 1.2439728280374795e-09
3.91991991991992 6.070752264536884e-06 1.2017509308630671e-09
3.9279279279279278 6.006512252726289e-06 1.161279453359393e-09
3.9359359359359356 5.943441893372178e-06 1.1224713686112014e-09
3.9439439439439443 5.88151025845403e-06 1.0852447569174285e-09
3.951951951951952 5.820687504978103e-06 1.0495224573308845e-09
3.95995995995996 5.7609448272078766e-06 1.015231746197449e-09
3.967967967967968 5.702254411436009e-06 9.82304039522126e-10
3.9759759759759756 5.644589393138474e-06 9.506746201690723e-10
3.9839839839839843 5.587923816363727e-06 9.202823841184526e-10
3.991991991991992 5.532232595219619e-06 8.910696067617824e-10
4.0 5.477491477330819e-06 8.629817259573456e-10
