-4.0 5.477538951319485e-06 7.195451507614245e-10
-3.991991991991992 5.532281665849173e-06 7.429017147844012e-10
-3.983983983983984 5.587974541580478e-06 7.671901967535237e-10
-3.975975975975976 5.644641832967837e-06 7.924555650623047e-10
-3.967967967967968 5.702308628033379e-06 8.187453756611817e-10
-3.95995995995996 5.761000884906177e-06 8.461099488377965e-10
-3.951951951951952 5.820745470331299e-06 8.746025576336952e-10
-3.943943943943944 5.8815702002753645e-06 9.042796337210345e-10
-3.935935935935936 5.943503882765838e-06 9.352009879092564e-10
-3.9279279279279278 6.006576363111168e-06 9.674300497867814e-10
-3.91991991991992 6.0708185716603665e-06 1.0010341277892039e-09
-3.911911911911912 6.136262574273625e-06 1.0360846896418635e-09
-3.903903903903904 6.2029416256882414e-06 1.0726576683766192e-09
-3.895895895895896 6.270890225979905e-06 1.1108337933776623e-09
-3.8878878878878878 6.340144180334826e-06 1.1506989514122207e-09
-3.87987987987988 6.410740662366475e-06 1.19234457915874e-09
-3.871871871871872 6.482718281229898e-06 1.2358680913358813e-09
-3.863863863863864 6.556117152807973e-06 1.281373347511096e-09
-3.855855855855856 6.630978975267299e-06 1.32897116265506e-09
-3.8478478478478477 6.7073471093073694e-06 1.378779865483457e-09
-3.83983983983984 6.785266663454929e-06 1.430925909501301e-09
-3.831831831831832 6.864784584786426e-06 1.4855445447681532e-09
-3.823823823823824 6.945949755496543e-06 1.5427805541870134e-09
-3.815815815815816 7.028813095768386e-06 1.602789064561835e-09
-3.8078078078078077 7.1134276734434135e-06 1.6657364400754293e-09
-3.7997997997998 7.199848821035827e-06 1.7318012684229738e-09
-3.7917917917917916 7.288134260688399e-06 1.801175451147363e-09
-3.7837837837837838 7.37834423772422e-06 1.8740654108517276e-09
-3.775775775775776 7.4705416635131986e-06 1.9506934319651266e-09
-3.7677677677677677 7.5647922684446545e-06 2.031299149896016e-09
-3.75975975975976 7.661164765876656e-06 2.1161412113772974e-09
-3.7517517517517516 7.759731028023744e-06 2.2054991281658568e-09
-3.7437437437437437 7.860566274845111e-06 2.2996753518042623e-09
-3.735735735735736 7.963749277109538e-06 2.3989976008638245e-09
-3.7277277277277276 8.06936257494073e-06 2.5038214796329243e-09
-3.71971971971972 8.177492713292402e-06 2.6145334314317866e-09
-3.7117117117117115 8.288230495966356e-06 2.7315540792673952e-09
-3.7037037037037037 8.401671259972442e-06 2.855342017198866e-09
-3.6956956956956954 8.517915172242933e-06 2.986398126736911e-09
-3.6876876876876876 8.637067550955395e-06 3.1252705081232925e-09
-3.67967967967968 8.759239213996773e-06 3.272560136523408e-09
-3.6716716716716715 8.8845468574216e-06 3.4289273738286494e-09
-3.6636636636636637 9.013113467125364e-06 3.5950995010069596e-09
-3.6556556556556554 9.145068767384316e-06 3.771879468053583e-09
-3.6476476476476476 9.280549710409122e-06 3.960156111948233e-09
-3.6396396396396398 9.419701011644547e-06 4.16091615167532e-09
-3.6316316316316315 9.562675736232055e-06 4.375258351633478e-09
-3.6236236236236237 9.709635942863023e-06 4.604410349516473e-09
-3.6156156156156154 9.860753392214878e-06 4.8497487854645115e-09
-3.6076076076076076 1.0016210328317809e-05 5.112823554770764e-09
-3.5995995995995997 1.017620034259464e-05 5.3953872599584215e-09
-3.5915915915915915 1.0340929332014764e-05 5.699431279695844e-09
-3.5835835835835836 1.0510616564890244e-05 6.027230346388007e-09
-3.5755755755755754 1.0685495870432952e-05 6.381398187125832e-09
-3.5675675675675675 1.0865816971449498e-05 6.7649577132871e-09
-3.5595595595595597 1.1051846983695329e-05 7.181430583575246e-09
-3.5515515515515514 1.1243872110764177e-05 7.634952904643918e-09
-3.5435435435435436 1.1442199570418618e-05 8.13042668972257e-09
-3.5355355355355353 1.1647159797664313e-05 8.673720965451691e-09
-3.5275275275275275 1.1859108982682e-05 9.271942905656045e-09
-3.5195195195195197 1.2078432019590341e-05 9.93380939812988e-09
-3.5115115115115114 1.2305545967511445e-05 1.0670165230901013e-08
-3.5035035035035036 1.2540904162787183e-05 1.1494719411060758e-08
-3.4954954954954953 1.2785001177571314e-05 1.2425112615348824e-08
-3.4874874874874875 1.3038378907725743e-05 1.3484498266724976e-08
-3.4794794794794797 1.3301634214039496e-05 1.4703938970015716e-08
-3.4714714714714714 1.3575428776130232e-05 1.6126130061269496e-08
-3.4634634634634636 1.3860502226731412e-05 1.7811342785197255e-08
-3.4554554554554553 1.4157690373776698e-05 1.984719263182113e-08
-3.4474474474474475 1.4467951723025825e-05 2.236522393342412e-08
-3.4394394394394396 1.479240833000268e-05 2.557011391596503e-08
-3.4314314314314314 1.5132413005171485e-05 2.9793313658893048e-08
-3.4234234234234235 1.5489668587327795e-05 3.559666545610821e-08
-3.4154154154154153 1.586645897511013e-05 4.3985485502541464e-08
-3.4074074074074074 1.6266144879139898e-05 5.688361061873095e-08
-3.3993993993993996 1.6694367965953432e-05 7.831282591262566e-08
-3.3913913913913913 1.7162477118410192e-05 1.1778767099897379e-07
-3.3833833833833835 1.769965694474115e-05 2.02401445569222e-07
-3.3753753753753752 1.8413183948789033e-05 4.370245630211702e-07
-3.3673673673673674 2.0066355355463534e-05 1.5821601643216019e-06
-3.3593593593593596 0.0001875152150920216 0.0001684905934345944
-3.3513513513513513 2.2028342207995888e-05 2.427143026494265e-06
-3.3433433433433435 2.0761291119528237e-05 5.432226015526058e-07
-3.335335335335335 2.1124344813493984e-05 2.4501626005482706e-07
-3.3273273273273274 2.1756927000676317e-05 1.6751946578334247e-07
-3.3193193193193196 2.2531711106111544e-05 1.733173155938054e-07
-3.3113113113113113 2.3460892232789295e-05 2.5399854537112414e-07
-3.3033033033033035 2.4689346177851735e-05 5.270906300198838e-07
-3.295295295295295 2.740226153187729e-05 2.140708032839744e-06
-3.2872872872872874 0.0008330553111062733 0.000806489950602663
-3.2792792792792795 2.999106127758619e-05 1.8228539036343236e-06
-3.2712712712712713 3.1344178658735914e-05 1.2384384725309144e-06
-3.263263263263263 4.70305503174172e-05 1.3801546911124346e-05
-3.255255255255255 4.830611150410864e-05 7.141310743868571e-06
-3.2472472472472473 0.0004027286902391902 0.00024605632933999134
-3.2392392392392395 0.00014399401697066675 7.030941135783313e-05
-3.2312312312312312 0.005017879728220034 0.00442212640945759
-3.223223223223223 0.00017362457157238525 4.672105203745831e-05
-3.215215215215215 0.005702030367912177 0.005368974375827
-3.2072072072072073 0.0034959990293032396 0.002935843119706029
-3.1991991991991995 0.0011888598299214501 0.0007585239609842755
-3.191191191191191 0.003437856107371575 0.0017199026935547745
-3.183183183183183 0.0008652545917818086 0.0003797362049396637
-3.175175175175175 0.015148446424709873 0.011343048235777118
-3.1671671671671673 0.006907721088014082 0.005192428074516676
-3.159159159159159 0.008745370623987333 0.00494045127695018
-3.151151151151151 0.023559455466065478 0.014154397019288039
-3.143143143143143 0.0045596502733743095 0.0024356227389022043
-3.135135135135135 0.009065518750477005 0.005646153548938887
-3.1271271271271273 0.0030481587144010774 0.000821371592510382
-3.119119119119119 0.018685904569524594 0.01221767735860727
-3.111111111111111 0.01935466510942465 0.007154600497820894
-3.103103103103103 0.049519104646903817 0.01883532963392872
-3.095095095095095 0.013367249838494561 0.004411285135236153
-3.0870870870870872 0.012031075871522388 0.008393011730839547
-3.079079079079079 0.0440102348708672 0.01793074022922601
-3.071071071071071 0.05394521802469064 0.01698430076080131
-3.063063063063063 0.08108880112106195 0.021734299382387193
-3.055055055055055 0.06145155982235737 0.018435894033787138
-3.047047047047047 0.1019480116210927 0.026483117365674082
-3.039039039039039 0.032492370528195785 0.010768761987090925
-3.031031031031031 0.05744261336893894 0.02138984946098235
-3.023023023023023 0.08082436693092011 0.0233055529928467
-3.015015015015015 0.06324106473359628 0.014761445834678371
-3.007007007007007 0.14174310480117122 0.03144626703777459
-2.998998998998999 0.11452440758399039 0.024311868348510287
-2.990990990990991 0.08321002225126473 0.018445843413731424
-2.982982982982983 0.09453162996301502 0.021307559506743755
-2.974974974974975 0.08622512427038549 0.022206529445085575
-2.966966966966967 0.05995374917351136 0.014425148767147074
-2.958958958958959 0.06802989092328622 0.018170241719729044
-2.950950950950951 0.08414583110444478 0.019655334002893612
-2.942942942942943 0.13862906400709546 0.029637935581778817
-2.934934934934935 0.17520152584212287 0.03444092164970401
-2.926926926926927 0.13585550612346137 0.029558260096015435
-2.918918918918919 0.16047968128965806 0.029680233422379708
-2.910910910910911 0.1457863064405512 0.029659109878741634
-2.9029029029029028 0.16269305661224143 0.029357078608541084
-2.894894894894895 0.19631672943985237 0.038849602970392375
-2.886886886886887 0.1665825410844444 0.03246282487787662
-2.878878878878879 0.16533858137140583 0.034066667125096615
-2.8708708708708706 0.10786468069519534 0.022392771915923565
-2.8628628628628627 0.14578535666372622 0.02976566900613598
-2.854854854854855 0.12004822863135052 0.0238982552957584
-2.846846846846847 0.10778404173122107 0.020524147439843907
-2.838838838838839 0.20274986214073332 0.036679232505087596
-2.8308308308308305 0.18961160136859007 0.03364464121975091
-2.8228228228228227 0.2286403041577029 0.033945121793078466
-2.814814814814815 0.2348582443518357 0.03808904214482335
-2.806806806806807 0.2741576374565022 0.03818300332342125
-2.798798798798799 0.21338571113692487 0.03713819676838325
-2.7907907907907905 0.23627147319190195 0.038194125988143444
-2.7827827827827827 0.29366727102378076 0.04375629717296686
-2.774774774774775 0.2796428684698241 0.04400200651561529
-2.766766766766767 0.26701936921597436 0.04179450811940779
-2.7587587587587588 0.2458081999281389 0.038136401768803466
-2.7507507507507505 0.2794618177250625 0.04341668353765349
-2.7427427427427427 0.27700074286697596 0.042401994332187665
-2.734734734734735 0.23601854959935137 0.03953910777354292
-2.726726726726727 0.2779939351960076 0.04068643724702075
-2.7187187187187187 0.28644638506570774 0.04334035869377332
-2.7107107107107105 0.23829321102818085 0.03356135987238039
-2.7027027027027026 0.20415730643259805 0.0341591272508342
-2.694694694694695 0.26483774697870033 0.04084961122253474
-2.686686686686687 0.20013163493407368 0.035009905683546415
-2.6786786786786787 0.18990998231310202 0.03227592588228303
-2.6706706706706704 0.22797892476665785 0.03374217135635959
-2.6626626626626626 0.3195250140068329 0.04492873312705935
-2.6546546546546548 0.25124404833204056 0.039514412464898986
-2.646646646646647 0.26054133649154176 0.04087211669754372
-2.6386386386386387 0.3113205127452056 0.0448119638446019
-2.6306306306306304 0.20613073490514353 0.0376179301016313
-2.6226226226226226 0.23281257861249172 0.035651293279345984
-2.6146146146146148 0.2788179779306207 0.04169940240495945
-2.606606606606607 0.2555134749480866 0.04000614641560052
-2.5985985985985987 0.217073513441908 0.03490826392635721
-2.5905905905905904 0.29387970482111664 0.044076099542690886
-2.5825825825825826 0.29958450483612953 0.042817912113334244
-2.5745745745745747 0.23840391651314885 0.03983013369489417
-2.566566566566567 0.20186484184645948 0.0335796835017621
-2.5585585585585586 0.2269035140505721 0.03662727951729699
-2.5505505505505504 0.20198237932352212 0.031151424399634416
-2.5425425425425425 0.23052750661113033 0.033490401908166524
-2.5345345345345347 0.21697414515051736 0.03757624749095599
-2.5265265265265264 0.26412232845090283 0.03797291599645999
-2.5185185185185186 0.24960377419089524 0.04035022840051213
-2.5105105105105103 0.22866646440363178 0.0337293859111811
-2.5025025025025025 0.27216386988216335 0.04275815660707697
-2.4944944944944947 0.2509011720218572 0.03863179162044419
-2.4864864864864864 0.21534034792192594 0.03421482400574772
-2.4784784784784786 0.2554905912437246 0.03746588068978032
-2.4704704704704703 0.3189727051617425 0.04597932438452408
-2.4624624624624625 0.22749724847189834 0.03310670885246154
-2.4544544544544546 0.25424941683239044 0.037424638239468795
-2.4464464464464464 0.1792619861487953 0.028569127912265135
-2.4384384384384385 0.16398438546482272 0.027547295534384588
-2.4304304304304303 0.2306122293151667 0.03756357263873804
-2.4224224224224224 0.24095571680735733 0.039502210854368745
-2.4144144144144146 0.2254224771287086 0.03261552923098533
-2.4064064064064064 0.26709448227363386 0.04023947706978686
-2.3983983983983985 0.20180007979643902 0.032414321362085705
-2.3903903903903903 0.2617452248099982 0.03931056482901
-2.3823823823823824 0.2636690549389205 0.041105360684569346
-2.3743743743743746 0.2959904355583308 0.044771696298255136
-2.3663663663663663 0.25034554848426743 0.03628994810537902
-2.358358358358358 0.21012938853367408 0.03404503556212917
-2.3503503503503502 0.35533300739182455 0.047933209574222015
-2.3423423423423424 0.22448013796231467 0.03923005666841454
-2.3343343343343346 0.3525678677572018 0.04777936970817899
-2.3263263263263263 0.24197308018201838 0.03749298403149168
-2.318318318318318 0.2686165024636099 0.03589237141026199
-2.31031031031031 0.31840803843745535 0.048306164206418624
-2.3023023023023024 0.21314753613205692 0.037013742763814014
-2.2942942942942945 0.26258587222504404 0.04054900893202945
-2.2862862862862863 0.3013134622509719 0.043664728313911896
-2.278278278278278 0.272289902601676 0.0396414083599506
-2.27027027027027 0.22109075507126968 0.03789961409172288
-2.2622622622622623 0.30907634342568663 0.04216890798833702
-2.2542542542542545 0.2589909329344333 0.03815723669768811
-2.2462462462462462 0.22557476804837628 0.03689645169221265
-2.238238238238238 0.27875510363257244 0.04155091376459334
-2.23023023023023 0.34635849531559726 0.04706985801136267
-2.2222222222222223 0.2807000066253816 0.04004641229662549
-2.2142142142142145 0.23902394669188498 0.0394507870604972
-2.206206206206206 0.27253613742593685 0.04023515908317884
-2.198198198198198 0.23970668616685467 0.03711957275638141
-2.19019019019019 0.286424483077802 0.04433059484926825
-2.1821821821821823 0.2637429315851719 0.039477586479752455
-2.1741741741741745 0.17639153642399488 0.025263615133338496
-2.166166166166166 0.3504000882686232 0.04853815160035335
-2.158158158158158 0.2440629762548688 0.03534957369075476
-2.15015015015015 0.24578747454330754 0.03744534070427867
-2.1421421421421423 0.257030092733677 0.0374163168291322
-2.1341341341341344 0.3044893272410012 0.04150787957456524
-2.126126126126126 0.28156504098351254 0.04295027268277295
-2.118118118118118 0.23701030006255683 0.03397838989367728
-2.11011011011011 0.27918594846639866 0.03886976318551964
-2.1021021021021022 0.3559526634907367 0.04981922647626615
-2.0940940940940944 0.2982105832315137 0.04083040472366434
-2.086086086086086 0.26234740379803134 0.03831636809782471
-2.078078078078078 0.31406684154625886 0.046073258873652184
-2.07007007007007 0.27964229502898097 0.03833444407644972
-2.062062062062062 0.25559619542387046 0.03701973101676107
-2.0540540540540544 0.293017346915208 0.04252064048807953
-2.046046046046046 0.3506508709506648 0.04852556013929837
-2.038038038038038 0.27488044836503506 0.04145046181840977
-2.03003003003003 0.32581237164165766 0.04524631678060043
-2.022022022022022 0.32818033579835204 0.042616725358124476
-2.014014014014014 0.32195890780330827 0.04515109498332608
-2.006006006006006 0.3314318770930652 0.04604175074278787
-1.9979979979979978 0.40932844456952194 0.05223138579807755
-1.98998998998999 0.37448164646443033 0.0482786370096994
-1.9819819819819822 0.3172287873963836 0.04377764036442548
-1.973973973973974 0.33220821151263336 0.04457105208747351
-1.965965965965966 0.29248102137118814 0.04123925571260315
-1.9579579579579578 0.3091591592770488 0.041884000400658
-1.94994994994995 0.24163735552678242 0.03615972019519176
-1.9419419419419421 0.27772844521324463 0.043102944116045885
-1.9339339339339339 0.2892473927154505 0.043209509257280836
-1.925925925925926 0.321676970649605 0.044735180963100515
-1.9179179179179178 0.2744757273236899 0.041072305000706966
-1.90990990990991 0.22690661712773716 0.03685476967710778
-1.9019019019019021 0.21332387258211177 0.03538751997641367
-1.8938938938938938 0.3049454974140765 0.04133112368520718
-1.885885885885886 0.22400122526272975 0.03425886375658884
-1.8778778778778777 0.18845784548273747 0.030458363950862058
-1.86986986986987 0.21498487614529818 0.03374117673500387
-1.861861861861862 0.2902952072815082 0.0417873589326175
-1.8538538538538538 0.2062967839952341 0.03298588168600426
-1.845845845845846 0.29422604873525693 0.04309694238548941
-1.8378378378378377 0.2812778779286322 0.041048348460342485
-1.82982982982983 0.31965495292151935 0.046568253437039346
-1.821821821821822 0.21865464398523562 0.034439703699853844
-1.8138138138138138 0.17400774614628414 0.02589173952170674
-1.805805805805806 0.2296837806157301 0.03785754687160503
-1.7977977977977977 0.2467361633080973 0.041372890755662306
-1.7897897897897899 0.1783208856594341 0.03139081302245658
-1.7817817817817816 0.28970008026371863 0.04708036414437528
-1.7737737737737738 0.2794796180824331 0.044400943328794885
-1.765765765765766 0.2663133905653701 0.039372010803223806
-1.7577577577577577 0.1816003953458346 0.031606859929132446
-1.7497497497497498 0.2516541820666667 0.04117648427996728
-1.7417417417417416 0.17703052542503298 0.031477172435179716
-1.7337337337337337 0.16792416705546345 0.027390052035198988
-1.725725725725726 0.2126542011321269 0.036990880255484034
-1.7177177177177176 0.2237446152979072 0.03907188026470409
-1.7097097097097098 0.17070980496970356 0.03354342800237146
-1.7017017017017015 0.18508064574035782 0.035395893287435594
-1.6936936936936937 0.18722404703869452 0.03151752143183471
-1.6856856856856859 0.2197555669878078 0.038110830634239076
-1.6776776776776776 0.13800240151745252 0.0241274460128182
-1.6696696696696698 0.18818759026712692 0.03353588872425156
-1.6616616616616615 0.2025163546251897 0.03687537166249097
-1.6536536536536537 0.1469669162951429 0.024345950303224374
-1.6456456456456459 0.19539126403203966 0.034258762155293915
-1.6376376376376376 0.13338761290129678 0.025212256600426464
-1.6296296296296298 0.1940783578063243 0.03508339938263906
-1.6216216216216215 0.1933609615204409 0.0328141763155588
-1.6136136136136137 0.12027252808230567 0.020469813462370087
-1.6056056056056058 0.17113529536005448 0.032990478473707466
-1.5975975975975976 0.2222654517765139 0.03830686711944543
-1.5895895895895897 0.16072006835940783 0.02790944829677881
-1.5815815815815815 0.1961893667140473 0.036514252852604345
-1.5735735735735736 0.19626733259279264 0.03527769528270824
-1.5655655655655654 0.16965091920995917 0.03210977313155398
-1.5575575575575575 0.16953506161726697 0.030705443927130437
-1.5495495495495497 0.15719788657299827 0.03049098672069209
-1.5415415415415414 0.16634439680786214 0.029238313164932847
-1.5335335335335336 0.16339077073154112 0.031358901784741156
-1.5255255255255253 0.1512810447308766 0.0297392529215682
-1.5175175175175175 0.15433968326976097 0.032180285366228606
-1.5095095095095097 0.15054353348233482 0.029333343162345066
-1.5015015015015014 0.16662038806899135 0.0336172471397431
-1.4934934934934936 0.1758461961653533 0.03297287096603252
-1.4854854854854853 0.16429360253518405 0.034289259476482384
-1.4774774774774775 0.14006831728827532 0.027490750365042917
-1.4694694694694697 0.1940876559248001 0.0368910761388224
-1.4614614614614614 0.13524536967094425 0.029657930714051498
-1.4534534534534536 0.11202754054039546 0.02347778309385076
-1.4454454454454453 0.17152285186564734 0.03410217070104034
-1.4374374374374375 0.14710329760481813 0.02806287760786571
-1.4294294294294296 0.1348267238212894 0.0280177453873872
-1.4214214214214214 0.09406081372669499 0.02430368187340704
-1.4134134134134135 0.21043408512693776 0.03943009441355638
-1.4054054054054053 0.1444797690153655 0.027645240089645518
-1.3973973973973974 0.15878726336563193 0.033249315470912984
-1.3893893893893896 0.13461824666066663 0.02743475920068653
-1.3813813813813813 0.11314262743940812 0.021631526395525097
-1.3733733733733735 0.10952704440052483 0.02605222484180021
-1.3653653653653652 0.2063928984287763 0.04051424856276083
-1.3573573573573574 0.1299800797714038 0.028648518479021258
-1.3493493493493496 0.11692064892423809 0.025875231368470843
-1.3413413413413413 0.1481982493786122 0.02950842851239588
-1.3333333333333335 0.10442360948106875 0.02507946417387362
-1.3253253253253252 0.10495310487427233 0.023616822903652652
-1.3173173173173174 0.11384472276493185 0.028038966159312412
-1.3093093093093096 0.12765848811505273 0.027565805265752665
-1.3013013013013013 0.09712809643777053 0.024912280865260115
-1.2932932932932935 0.1095718634097859 0.025155021883635324
-1.2852852852852852 0.14499419218501103 0.030657418424108872
-1.2772772772772774 0.09222336373049259 0.022088939107410596
-1.269269269269269 0.13905194186189943 0.028763659464705365
-1.2612612612612613 0.09236936070478077 0.02052106714578392
-1.2532532532532534 0.09596576953441177 0.023187593014404248
-1.2452452452452452 0.1095960842922304 0.025780853861277403
-1.2372372372372373 0.06296677492442256 0.015415734697849817
-1.229229229229229 0.09944071480075688 0.02558862170826434
-1.2212212212212212 0.09959013866710764 0.02394459363691821
-1.2132132132132134 0.11818944191024855 0.027628908488486273
-1.2052052052052051 0.08397032545434506 0.020331417620837563
-1.1971971971971973 0.07540146330473244 0.020648068094991257
-1.189189189189189 0.09519374269616822 0.022427938096218278
-1.1811811811811812 0.07115190664865115 0.021216150399348568
-1.1731731731731734 0.13658586220391078 0.02999839528164466
-1.165165165165165 0.10969120312722667 0.025557592903692312
-1.1571571571571573 0.08149551808987787 0.019654817361724315
-1.149149149149149 0.07819411117378683 0.018432933812092066
-1.1411411411411412 0.08685986663770104 0.022859542965686337
-1.1331331331331334 0.11557790945672405 0.028663700403565775
-1.125125125125125 0.09707218221087496 0.022962533223814786
-1.1171171171171173 0.11096561800916985 0.026531434592318614
-1.109109109109109 0.1241693256341221 0.026637779398251647
-1.1011011011011012 0.13439423064188985 0.03009542346614025
-1.0930930930930933 0.06357342175893345 0.015220558349983692
-1.085085085085085 0.1448432532896905 0.031385068763156596
-1.0770770770770772 0.09367391831705275 0.021429558934232425
-1.069069069069069 0.12014687115169415 0.026676345838710258
-1.0610610610610611 0.0858853401755509 0.023821051665841697
-1.0530530530530529 0.10708327913602286 0.026136407350700046
-1.045045045045045 0.11054643411490349 0.027637957378535596
-1.0370370370370372 0.13011340711531477 0.031673280567598244
-1.029029029029029 0.10441264038719107 0.02661455994037673
-1.021021021021021 0.10369861481259378 0.024111947990001718
-1.0130130130130128 0.14510237630519995 0.0309715427298635
-1.005005005005005 0.07296985073174592 0.02083838803292325
-0.9969969969969972 0.2048066800989382 0.040221823830464
-0.9889889889889889 0.11213201030419617 0.02671325023026565
-0.9809809809809811 0.09061901558766101 0.024927953303528233
-0.9729729729729728 0.07812211487375743 0.01907363271960872
-0.964964964964965 0.059871045117962984 0.017246645517670862
-0.9569569569569571 0.09477262548485031 0.025684715386267928
-0.9489489489489489 0.07940463843353696 0.019754557854404102
-0.940940940940941 0.10872138506346629 0.024540392805737745
-0.9329329329329328 0.09521251520026548 0.026870196275297978
-0.924924924924925 0.07377187342927619 0.01908357870392787
-0.9169169169169171 0.09143950611819006 0.025657981467398124
-0.9089089089089089 0.0607939946670423 0.014642816318398602
-0.900900900900901 0.0771441918915205 0.02057498378216897
-0.8928928928928928 0.08920735678363198 0.022320512498613145
-0.8848848848848849 0.12197201425215991 0.030286746385486073
-0.8768768768768771 0.06130992287977948 0.017221976919737293
-0.8688688688688688 0.12651538944263285 0.026937016913495017
-0.860860860860861 0.10376391308092199 0.023573756376613315
-0.8528528528528527 0.08339249306225281 0.02125078866746385
-0.8448448448448449 0.1009398250111949 0.026602971719286005
-0.8368368368368371 0.11551422912603083 0.028256974746455554
-0.8288288288288288 0.09289971867714347 0.025048932484293452
-0.820820820820821 0.12299031375346801 0.027640060195574287
-0.8128128128128127 0.062227449197540294 0.016247250852384723
-0.8048048048048049 0.07588024458608761 0.018325683307935284
-0.796796796796797 0.08364465978730044 0.02371345422817975
-0.7887887887887888 0.0685754319482593 0.021842997097476256
-0.780780780780781 0.08998148669244813 0.02300889257799822
-0.7727727727727727 0.18112126576311632 0.03620741170144852
-0.7647647647647648 0.08280423020797607 0.02410332355754256
-0.7567567567567566 0.06905699711682152 0.019625366327218955
-0.7487487487487487 0.11757924932244153 0.028270698046090535
-0.7407407407407409 0.09060892535622221 0.023125870868325772
-0.7327327327327327 0.0966299555919707 0.02404975112231791
-0.7247247247247248 0.06858231195995673 0.01713178131125356
-0.7167167167167166 0.049812901843461474 0.015045583518493524
-0.7087087087087087 0.07954745465066501 0.02197939929958061
-0.7007007007007009 0.07550940530199496 0.02072909338558934
-0.6926926926926926 0.1022327891168233 0.022769433895130024
-0.6846846846846848 0.06719096206543447 0.01913263903222772
-0.6766766766766765 0.132216396236079 0.029218149001967564
-0.6686686686686687 0.07885832759000926 0.02009434981620269
-0.6606606606606609 0.065848949610967 0.013789179520278477
-0.6526526526526526 0.07576172727565897 0.021680272122771346
-0.6446446446446448 0.07094431022765335 0.021705438162208504
-0.6366366366366365 0.06890557495625273 0.01879310072926291
-0.6286286286286287 0.10550826347076601 0.025475897194573705
-0.6206206206206208 0.08212146830366505 0.022292088017571984
-0.6126126126126126 0.07770360645465396 0.02053652896678731
-0.6046046046046047 0.08261264286922561 0.022007283391456245
-0.5965965965965965 0.06803940359310094 0.021287621091820034
-0.5885885885885886 0.0953878201569243 0.02773511312385032
-0.5805805805805808 0.14043939271079892 0.034429655783563266
-0.5725725725725725 0.05931480323222697 0.014754132090787095
-0.5645645645645647 0.09228729676452535 0.027151842043712147
-0.5565565565565564 0.07690768842496991 0.018077434595577875
-0.5485485485485486 0.05867286211408156 0.01773493627306077
-0.5405405405405403 0.08885807284013728 0.02398753729908555
-0.5325325325325325 0.10398999643921633 0.02899900396062875
-0.5245245245245247 0.07106914408628039 0.01916171770505238
-0.5165165165165164 0.08735341045753729 0.024809548955849598
-0.5085085085085086 0.07088291800327848 0.019427542347375676
-0.5005005005005003 0.08505605321065528 0.02317601661463524
-0.4924924924924925 0.07680532524020987 0.023551357059206898
-0.48448448448448467 0.11960323975388576 0.02756230435711672
-0.4764764764764764 0.08517734348345792 0.021666603410124746
-0.46846846846846857 0.06391348645829971 0.016724959499393795
-0.4604604604604603 0.05660130489538889 0.016188431704521833
-0.45245245245245247 0.07047891868511855 0.019948212647409695
-0.44444444444444464 0.07897582184654477 0.019918589658681245
-0.43643643643643637 0.09102229979719398 0.024601903123336176
-0.42842842842842854 0.10659173577814714 0.02688782280246524
-0.42042042042042027 0.09101601122387334 0.025511336099188518
-0.41241241241241244 0.07549502366259467 0.02334061468846086
-0.4044044044044046 0.060754397130219566 0.01762792817750447
-0.39639639639639634 0.10712201860122053 0.027723787562593954
-0.3883883883883885 0.06982255818285914 0.021219324710561097
-0.38038038038038025 0.07166805577098344 0.021091170126563002
-0.3723723723723724 0.06459657713196384 0.01802335176156358
-0.3643643643643646 0.060760874223558664 0.019648529190884636
-0.3563563563563563 0.07380654688562038 0.019806847372792896
-0.3483483483483485 0.06373508367626193 0.0177935563713942
-0.3403403403403402 0.04558822121692649 0.013317870853425092
-0.3323323323323324 0.0804160363487217 0.021441212280202043
-0.32432432432432456 0.04243139366709329 0.012078372475611136
-0.3163163163163163 0.08215960149613265 0.020496742960793842
-0.30830830830830847 0.043765853336727736 0.013602609020688144
-0.3003003003003002 0.0888445973346256 0.02356038669489772
-0.29229229229229237 0.05599902673512514 0.01807181670829062
-0.28428428428428454 0.05150000383287384 0.017691588077392392
-0.27627627627627627 0.04332378918453702 0.014110214779882287
-0.26826826826826844 0.04355345563889598 0.01299595034269733
-0.26026026026026017 0.06490668247369893 0.018621905703877336
-0.25225225225225234 0.080968720676387 0.021759003650482927
-0.24424424424424407 0.07932619396496685 0.022114428218131938
-0.23623623623623624 0.07047615648931606 0.020560131999018794
-0.2282282282282284 0.09398920753668684 0.025472577614935803
-0.22022022022022014 0.052436541447552616 0.01508754793867211
-0.21221221221221231 0.10564157010148653 0.025388124410323013
-0.20420420420420404 0.07751058703457951 0.020256271447378505
-0.19619619619619622 0.0569274397487222 0.01835725145565099
-0.1881881881881884 0.07288362842384412 0.02096708662397259
-0.18018018018018012 0.06428407559834512 0.01684107703707607
-0.1721721721721723 0.07953170631980018 0.022027684932066752
-0.16416416416416402 0.06264465634398529 0.019192435035150817
-0.1561561561561562 0.10813838190370334 0.028621566134747277
-0.14814814814814836 0.10841546072346041 0.02774219182040398
-0.1401401401401401 0.0797045748161293 0.02057091928719851
-0.13213213213213226 0.07456378289618598 0.0204684279170874
-0.12412412412412399 0.07128862523142805 0.01895924376109976
-0.11611611611611616 0.03572804814162407 0.011981015381361856
-0.10810810810810834 0.0939848598405606 0.02662660403848547
-0.10010010010010006 0.11304603296063807 0.027634455356379813
-0.09209209209209224 0.04560117720649127 0.014955524948925785
-0.08408408408408397 0.06562207978091394 0.01834556425379467
-0.07607607607607614 0.06516311866702458 0.020212194951885525
-0.06806806806806831 0.06726795736000947 0.019989829574748007
-0.06006006006006004 0.05258472402463819 0.01771491484984598
-0.05205205205205221 0.10802435449719314 0.025057795467174647
-0.04404404404404394 0.06491793979038742 0.020369165909683306
-0.03603603603603611 0.061744417112330155 0.0169631032645948
-0.02802802802802784 0.14127727318711755 0.03436592807565803
-0.020020020020020013 0.1026447006350114 0.025437905532978602
-0.012012012012012185 0.11035324646532044 0.026466051754277065
-0.004004004004003914 0.10504834590228271 0.022611053967159508
0.004004004004004358 0.10504834590197644 0.022611053967088134
0.012012012012012185 0.11035324646545673 0.02646605175431034
0.020020020020020013 0.1026447006349306 0.025437905532944675
0.02802802802802784 0.141277273186793 0.034365928075577756
0.03603603603603567 0.061744417112468385 0.016963103264647148
0.044044044044044384 0.0649179397904021 0.020369165909664744
0.05205205205205221 0.10802435449706152 0.02505779546711672
0.06006006006006004 0.05258472402444801 0.017714914849712722
0.06806806806806787 0.06726795735996179 0.01998982957474468
0.0760760760760757 0.06516311866687043 0.02021219495182787
0.08408408408408441 0.06562207978046149 0.018345564253606967
0.09209209209209224 0.04560117720666713 0.014955524949001984
0.10010010010010006 0.11304603296059923 0.027634455356338145
0.10810810810810789 0.09398485984017457 0.026626604038392107
0.11611611611611572 0.03572804814171432 0.011981015381409261
0.12412412412412444 0.0712886252314334 0.018959243761065985
0.13213213213213226 0.07456378289636417 0.020468427917173907
0.1401401401401401 0.0797045748160438 0.020570919287195868
0.14814814814814792 0.1084154607238765 0.027742191820524648
0.15615615615615575 0.10813838190350816 0.028621566134696394
0.16416416416416446 0.06264465634422219 0.01919243503531227
0.1721721721721723 0.07953170632034846 0.022027684932212088
0.18018018018018012 0.06428407559840287 0.01684107703712296
0.18818818818818794 0.07288362842382258 0.020967086623944295
0.19619619619619577 0.05692743974868351 0.01835725145564363
0.2042042042042045 0.07751058703431002 0.020256271447295113
0.21221221221221231 0.10564157010184097 0.02538812441042684
0.22022022022022014 0.052436541447614 0.01508754793864785
0.22822822822822797 0.09398920753639405 0.02547257761486362
0.2362362362362358 0.07047615648931291 0.02056013199906561
0.2442442442442445 0.07932619396531168 0.02211442821824171
0.25225225225225234 0.08096872067647454 0.021759003650503966
0.26026026026026017 0.06490668247371496 0.018621905703915524
0.268268268268268 0.043553455638878 0.012995950342745793
0.2762762762762758 0.0433237891845195 0.01411021477992287
0.28428428428428454 0.051500003832661644 0.017691588077258572
0.29229229229229237 0.05599902673519063 0.01807181670831602
0.3003003003003002 0.08884459733470938 0.023560386694948393
0.308308308308308 0.04376585333666072 0.013602609020634277
0.31631631631631585 0.08215960149610882 0.02049674296077211
0.32432432432432456 0.042431393667273005 0.012078372475700603
0.3323323323323324 0.08041603634857884 0.02144121228012999
0.3403403403403402 0.04558822121675291 0.013317870853273147
0.34834834834834805 0.06373508367633567 0.017793556371391052
0.3563563563563559 0.07380654688544222 0.019806847372753452
0.3643643643643646 0.06076087422339804 0.019648529190868146
0.3723723723723724 0.06459657713160424 0.01802335176142155
0.38038038038038025 0.07166805577102983 0.021091170126519006
0.3883883883883881 0.06982255818278585 0.021219324710570343
0.3963963963963968 0.10712201860111532 0.027723787562629672
0.4044044044044046 0.060754397130420225 0.017627928177559208
0.41241241241241244 0.0754950236628747 0.023340614688568885
0.42042042042042027 0.09101601122362522 0.025511336099145947
0.4284284284284281 0.10659173577835909 0.026887822802490646
0.4364364364364368 0.09102229979630284 0.02460190312303371
0.44444444444444464 0.07897582184694314 0.019918589658813334
0.45245245245245247 0.07047891868541263 0.01994821264756137
0.4604604604604603 0.056601304895793667 0.01618843170468309
0.4684684684684681 0.06391348645860934 0.01672495949952384
0.47647647647647684 0.0851773434828495 0.021666603409830607
0.48448448448448467 0.11960323975419011 0.027562304357144303
0.4924924924924925 0.07680532524055668 0.023551357059363946
0.5005005005005003 0.08505605321034464 0.02317601661457044
0.5085085085085082 0.07088291800344511 0.019427542347357173
0.5165165165165169 0.08735341045738339 0.0248095489558268
0.5245245245245247 0.0710691440863542 0.019161717704994443
0.5325325325325325 0.10398999643992288 0.028999003960794145
0.5405405405405403 0.08885807284030402 0.023987537299070303
0.5485485485485482 0.058672862113629966 0.017734936272791477
0.5565565565565569 0.07690768842467412 0.018077434595426083
0.5645645645645647 0.09228729676380545 0.02715184204348246
0.5725725725725725 0.059314803231283776 0.01475413209043937
0.5805805805805804 0.1404393927105767 0.03442965578346914
0.5885885885885882 0.09538782015719537 0.027735113123978684
0.5965965965965969 0.06803940359287886 0.021287621091773838
0.6046046046046047 0.08261264286922047 0.022007283391448584
0.6126126126126126 0.07770360645518345 0.020536528967017763
0.6206206206206204 0.08212146830377579 0.022292088017642587
0.6286286286286282 0.10550826347195215 0.025475897194992478
0.6366366366366369 0.06890557495682487 0.01879310072953512
0.6446446446446448 0.07094431022738606 0.02170543816209256
0.6526526526526526 0.07576172727514241 0.021680272122471273
0.6606606606606604 0.06584894961088186 0.013789179520336876
0.6686686686686683 0.07885832758997957 0.02009434981617569
0.676676676676677 0.13221639623630246 0.029218149002008045
0.6846846846846848 0.067190962064863 0.019132639032016514
0.6926926926926926 0.10223278911695412 0.022769433895265576
0.7007007007007005 0.07550940530156072 0.020729093385505024
0.7087087087087083 0.07954745465037291 0.02197939929954145
0.716716716716717 0.04981290184364894 0.015045583518550175
0.7247247247247248 0.06858231196001738 0.017131781311273755
0.7327327327327327 0.09662995559214105 0.024049751122337704
0.7407407407407405 0.09060892535649638 0.023125870868284763
0.7487487487487483 0.11757924932281782 0.02827069804617502
0.756756756756757 0.06905699711595142 0.019625366326899773
0.7647647647647648 0.0828042302080422 0.02410332355754946
0.7727727727727727 0.18112126576386706 0.036207411701571726
0.7807807807807805 0.0899814866929378 0.02300889257812843
0.7887887887887883 0.0685754319480125 0.021842997097353583
0.796796796796797 0.08364465978862007 0.023713454228586093
0.8048048048048049 0.07588024458601468 0.018325683307892776
0.8128128128128127 0.06222744919694436 0.01624725085224332
0.8208208208208205 0.12299031375347257 0.02764006019563563
0.8288288288288284 0.09289971867778853 0.025048932484509647
0.8368368368368371 0.1155142291265044 0.028256974746634068
0.8448448448448449 0.10093982501107476 0.026602971719306413
0.8528528528528527 0.08339249306318093 0.021250788667735367
0.8608608608608606 0.10376391308093239 0.023573756376672056
0.8688688688688693 0.1265153894423981 0.026937016913345654
0.8768768768768771 0.06130992287974412 0.017221976919742168
0.8848848848848849 0.12197201425166797 0.030286746385218177
0.8928928928928928 0.08920735678372818 0.02232051249868384
0.9009009009009006 0.0771441918913304 0.020574983782221952
0.9089089089089093 0.060793994666916006 0.014642816318362633
0.9169169169169171 0.0914395061179364 0.025657981467316657
0.924924924924925 0.07377187343018558 0.019083578704190793
0.9329329329329328 0.09521251520074596 0.026870196275385515
0.9409409409409406 0.10872138506494372 0.024540392806086088
0.9489489489489493 0.07940463843374584 0.01975455785448176
0.9569569569569571 0.09477262548531672 0.02568471538646454
0.964964964964965 0.05987104511726234 0.017246645517380508
0.9729729729729728 0.07812211487390548 0.019073632719755054
0.9809809809809806 0.09061901558799512 0.024927953303653373
0.9889889889889893 0.11213201030411794 0.02671325023018526
0.9969969969969972 0.2048066801004026 0.04022182383071291
1.005005005005005 0.07296985073152627 0.020838388032885236
1.0130130130130128 0.1451023763050442 0.03097154272978816
1.0210210210210207 0.10369861481212557 0.02411194798993725
1.0290290290290294 0.10441264038686773 0.0266145599402906
1.0370370370370372 0.13011340711546868 0.031673280567670825
1.045045045045045 0.11054643411544375 0.02763795737868571
1.0530530530530529 0.10708327913641076 0.026136407350825282
1.0610610610610607 0.08588534017608657 0.02382105166602658
1.0690690690690694 0.12014687115091492 0.026676345838523498
1.0770770770770772 0.09367391831676447 0.02142955893421697
1.085085085085085 0.1448432532884827 0.03138506876293551
1.0930930930930929 0.06357342175916073 0.015220558350113845
1.1011011011011007 0.13439423064233733 0.030095423466291522
1.1091091091091094 0.12416932563361312 0.026637779398059815
1.1171171171171173 0.11096561800855168 0.026531434592141637
1.125125125125125 0.09707218221128687 0.022962533223916504
1.133133133133133 0.11557790945791578 0.028663700403915863
1.1411411411411407 0.08685986663739348 0.022859542965587776
1.1491491491491495 0.07819411117458097 0.01843293381229518
1.1571571571571573 0.08149551808939266 0.01965481736146814
1.165165165165165 0.10969120312795813 0.025557592903991073
1.173173173173173 0.13658586220508215 0.029998395282067228
1.1811811811811808 0.07115190664798966 0.021216150399171116
1.1891891891891895 0.09519374269665687 0.022427938096497763
1.1971971971971973 0.07540146330572894 0.020648068095346684
1.2052052052052051 0.0839703254534414 0.020331417620397425
1.213213213213213 0.11818944191086768 0.027628908488548678
1.2212212212212208 0.09959013866648865 0.023944593636644133
1.2292292292292295 0.09944071479916358 0.02558862170767524
1.2372372372372373 0.06296677492560872 0.015415734698236993
1.2452452452452452 0.1095960842941306 0.02578085386194333
1.253253253253253 0.09596576953570331 0.023187593014975257
1.2612612612612608 0.09236936070428195 0.02052106714549955
1.2692692692692695 0.13905194186195835 0.028763659464577693
1.2772772772772774 0.09222336373055962 0.022088939107485193
1.2852852852852852 0.14499419218349938 0.03065741842391649
1.293293293293293 0.10957186340856523 0.025155021883176785
1.3013013013013008 0.09712809643757603 0.02491228086517386
1.3093093093093096 0.12765848811416652 0.02756580526531968
1.3173173173173174 0.11384472276522355 0.028038966159408193
1.3253253253253252 0.10495310487433013 0.0236168229035788
1.333333333333333 0.10442360948064071 0.025079464173611888
1.3413413413413409 0.14819824937843576 0.029508428512571665
1.3493493493493496 0.11692064892391874 0.02587523136835394
1.3573573573573574 0.12998007977099074 0.028648518478832607
1.3653653653653652 0.20639289843115174 0.040514248563171186
1.373373373373373 0.10952704440023074 0.026052224841662114
1.381381381381381 0.1131426274404209 0.02163152639591471
1.3893893893893896 0.13461824666014288 0.02743475920063303
1.3973973973973974 0.15878726336608143 0.03324931547105577
1.4054054054054053 0.14447976901549098 0.02764524008969483
1.413413413413413 0.21043408512592568 0.039430094413209174
1.4214214214214218 0.09406081372472405 0.02430368187268442
1.4294294294294296 0.13482672382134026 0.02801774538734627
1.4374374374374375 0.1471032976047399 0.028062877607860984
1.4454454454454453 0.17152285186554167 0.034102170700870835
1.4534534534534531 0.11202754054082971 0.02347778309390532
1.4614614614614618 0.1352453696706961 0.029657930714023204
1.4694694694694697 0.1940876559247452 0.036891076138663166
1.4774774774774775 0.1400683172872968 0.027490750364634182
1.4854854854854853 0.16429360253500536 0.034289259476531934
1.4934934934934931 0.17584619616616803 0.03297287096614422
1.5015015015015019 0.16662038806700946 0.033617247139241024
1.5095095095095097 0.15054353348181104 0.02933334316216632
1.5175175175175175 0.15433968326914704 0.03218028536602593
1.5255255255255253 0.1512810447300299 0.02973925292124613
1.5335335335335332 0.16339077073323427 0.031358901785026164
1.5415415415415419 0.16634439681001265 0.02923831316551926
1.5495495495495497 0.15719788657463782 0.03049098672112365
1.5575575575575575 0.16953506161711557 0.03070544392702765
1.5655655655655654 0.16965091920902442 0.03210977313129767
1.5735735735735732 0.19626733259348478 0.03527769528292474
1.581581581581582 0.1961893667123235 0.03651425285244985
1.5895895895895897 0.1607200683593022 0.027909448296876846
1.5975975975975976 0.222265451777655 0.03830686711954002
1.6056056056056054 0.17113529535948668 0.03299047847376642
1.6136136136136132 0.12027252808070416 0.020469813461962406
1.621621621621622 0.19336096152013166 0.032814176315549566
1.6296296296296298 0.19407835780567756 0.035083399382519656
1.6376376376376376 0.133387612902822 0.02521225660099951
1.6456456456456454 0.19539126403026089 0.034258762154862114
1.6536536536536532 0.14696691629628827 0.024345950303466434
1.661661661661662 0.20251635462510112 0.036875371662312445
1.6696696696696698 0.18818759026588894 0.03353588872387415
1.6776776776776776 0.13800240151715815 0.02412744601301144
1.6856856856856854 0.2197555669882068 0.03811083063431059
1.6936936936936933 0.18722404703784076 0.03151752143184575
1.701701701701702 0.18508064574087818 0.03539589328759486
1.7097097097097098 0.1707098049705625 0.033543428002447286
1.7177177177177176 0.22374461530029172 0.03907188026524476
1.7257257257257255 0.21265420113306296 0.036990880255688724
1.7337337337337333 0.16792416705864963 0.027390052036083076
1.741741741741742 0.17703052542569522 0.03147717243549707
1.7497497497497498 0.2516541820678049 0.04117648427994972
1.7577577577577577 0.18160039534772174 0.03160685992929666
1.7657657657657655 0.2663133905656425 0.03937201080302543
1.7737737737737733 0.2794796180886427 0.04440094332977191
1.781781781781782 0.28970008026259614 0.04708036414427827
1.7897897897897899 0.17832088565986848 0.03139081302252317
1.7977977977977977 0.2467361633037786 0.04137289075508902
1.8058058058058055 0.22968378061565853 0.03785754687161931
1.8138138138138133 0.17400774614686682 0.025891739521765673
1.821821821821822 0.21865464398296847 0.03443970369931846
1.82982982982983 0.319654952920958 0.04656825343693691
1.8378378378378377 0.28127787792545167 0.041048348459893004
1.8458458458458455 0.29422604873453145 0.043096942385418245
1.8538538538538534 0.20629678399662996 0.0329858816861556
1.861861861861862 0.2902952072833035 0.041787358933058245
1.86986986986987 0.21498487614606865 0.03374117673526122
1.8778778778778777 0.18845784547880456 0.03045836394967519
1.8858858858858856 0.22400122526412677 0.03425886375701094
1.8938938938938943 0.30494549741514515 0.041331123685362514
1.9019019019019021 0.21332387258377522 0.03538751997681544
1.90990990990991 0.22690661713011234 0.03685476967753784
1.9179179179179178 0.27447572732263636 0.04107230500033978
1.9259259259259256 0.32167697065105877 0.04473518096316955
1.9339339339339343 0.2892473927175059 0.04320950925786447
1.9419419419419421 0.2777284452124224 0.04310294411574654
1.94994994994995 0.24163735552402538 0.03615972019431156
1.9579579579579578 0.3091591592716025 0.041884000399939926
1.9659659659659656 0.29248102136745524 0.041239255712019085
1.9739739739739743 0.33220821151583085 0.044571052087937386
1.9819819819819822 0.3172287873960398 0.04377764036431602
1.98998998998999 0.37448164645898685 0.04827863700883679
1.9979979979979978 0.40932844456940337 0.052231385797838224
2.0060060060060056 0.33143187709731814 0.046041750743442335
2.0140140140140144 0.32195890780185576 0.04515109498296469
2.022022022022022 0.3281803357968737 0.04261672535754363
2.03003003003003 0.32581237164061366 0.04524631678045198
2.038038038038038 0.2748804483625139 0.04145046181783362
2.0460460460460457 0.3506508709524915 0.04852556013945269
2.0540540540540544 0.29301734691300807 0.04252064048787913
2.062062062062062 0.25559619542243817 0.03701973101642035
2.07007007007007 0.2796422950301938 0.03833444407688059
2.078078078078078 0.31406684154758446 0.046073258874006054
2.0860860860860857 0.26234740379841476 0.03831636809759424
2.0940940940940944 0.29821058322898863 0.04083040472336437
2.1021021021021022 0.355952663485989 0.04981922647536065
2.11011011011011 0.27918594846645944 0.0388697631855929
2.118118118118118 0.23701030006079682 0.033978389893022015
2.1261261261261257 0.28156504098261964 0.042950272682471105
2.1341341341341344 0.30448932724833305 0.04150787957613139
2.1421421421421423 0.257030092737038 0.03741631682971944
2.15015015015015 0.24578747454824637 0.03744534070527731
2.158158158158158 0.24406297625582496 0.035349573690975994
2.1661661661661658 0.35040008826290614 0.04853815159924873
2.1741741741741745 0.17639153642421546 0.025263615133525825
2.1821821821821823 0.26374293158423023 0.03947758647932598
2.19019019019019 0.2864244830750611 0.04433059484863248
2.198198198198198 0.23970668616486127 0.03711957275578655
2.2062062062062058 0.27253613742773186 0.040235159083242426
2.2142142142142145 0.23902394669110646 0.039450787060386905
2.2222222222222223 0.280700006627032 0.04004641229716334
2.23023023023023 0.3463584953151078 0.047069858011454975
2.238238238238238 0.2787551036353985 0.04155091376500917
2.246246246246246 0.2255747680470054 0.03689645169205383
2.2542542542542545 0.25899093292946 0.03815723669673233
2.2622622622622623 0.3090763434299007 0.04216890798925967
2.27027027027027 0.22109075506843143 0.03789961409110508
2.278278278278278 0.27228990259758307 0.03964140835895379
2.286286286286286 0.3013134622482082 0.0436647283131869
2.2942942942942945 0.26258587222285246 0.04054900893107383
2.3023023023023024 0.21314753613257498 0.03701374276354497
2.31031031031031 0.3184080384326364 0.04830616420543335
2.318318318318318 0.2686165024665197 0.03589237141066646
2.326326326326326 0.24197308017628577 0.037492984030231435
2.3343343343343346 0.35256786775676185 0.047779369708171954
2.3423423423423424 0.2244801379643162 0.039230056668819326
2.3503503503503502 0.3553330073906053 0.04793320957415266
2.358358358358358 0.21012938853096447 0.034045035561449596
2.366366366366366 0.2503455484807252 0.03628994810428902
2.3743743743743746 0.2959904355603005 0.044771696298635075
2.3823823823823824 0.2636690549338613 0.04110536068376296
2.3903903903903903 0.2617452248158261 0.03931056483011773
2.398398398398398 0.20180007979725853 0.03241432136225478
2.406406406406406 0.2670944822698318 0.04023947706878699
2.4144144144144146 0.22542247713174796 0.0326155292321355
2.4224224224224224 0.24095571680829353 0.039502210854434665
2.4304304304304303 0.23061222931583558 0.03756357263883574
2.438438438438438 0.1639843854662215 0.02754729553493667
2.446446446446447 0.1792619861496195 0.028569127912844876
2.4544544544544546 0.25424941683170094 0.037424638239243066
2.4624624624624625 0.2274972484687876 0.03310670885179936
2.4704704704704703 0.31897270516189813 0.045979324384416834
2.478478478478478 0.2554905912410953 0.03746588068904384
2.486486486486487 0.21534034792431678 0.03421482400611206
2.4944944944944947 0.2509011720191769 0.03863179162000085
2.5025025025025025 0.2721638698864678 0.042758156607546775
2.5105105105105103 0.22866646439831773 0.03372938591008004
2.518518518518518 0.24960377419262117 0.040350228400940484
2.526526526526527 0.26412232844528555 0.0379729159956009
2.5345345345345347 0.21697414514754051 0.03757624749028988
2.5425425425425425 0.23052750660788884 0.03349040190758731
2.5505505505505504 0.2019823793290336 0.03115142440038176
2.558558558558558 0.22690351405120263 0.03662727951724895
2.566566566566567 0.20186484184327724 0.03357968350074788
2.5745745745745747 0.23840391651753196 0.039830133695988375
2.5825825825825826 0.299584504827114 0.042817912111672886
2.5905905905905904 0.29387970482523057 0.04407609954294858
2.598598598598598 0.21707351344299353 0.03490826392695588
2.606606606606607 0.25551347495211213 0.04000614641651461
2.6146146146146148 0.2788179779299708 0.04169940240458173
2.6226226226226226 0.2328125786111021 0.0356512932792996
2.6306306306306304 0.20613073490143602 0.03761793010092748
2.6386386386386382 0.31132051274577127 0.04481196384424828
2.646646646646647 0.2605413364961846 0.04087211669853306
2.6546546546546548 0.25124404833408404 0.039514412465268475
2.6626626626626626 0.3195250140026431 0.044928733125969685
2.6706706706706704 0.2279789247736938 0.033742171358033216
2.6786786786786783 0.18990998231613768 0.03227592588238255
2.686686686686687 0.2001316349338194 0.03500990568324244
2.694694694694695 0.26483774698207757 0.040849611223080215
2.7027027027027026 0.20415730643958194 0.03415912725233548
2.7107107107107105 0.23829321102879808 0.03356135987285582
2.7187187187187183 0.2864463850649943 0.04334035869385944
2.726726726726727 0.2779939352019252 0.040686437248636596
2.734734734734735 0.2360185496005089 0.03953910777363878
2.7427427427427427 0.27700074286809967 0.04240199433246204
2.7507507507507505 0.27946181772188955 0.043416683537269414
2.7587587587587583 0.24580819993201888 0.03813640176955346
2.766766766766767 0.2670193692206506 0.041794508120334535
2.774774774774775 0.279642868471878 0.04400200651608887
2.7827827827827827 0.2936672710226976 0.04375629717286343
2.7907907907907905 0.23627147318940392 0.03819412598750629
2.7987987987987983 0.21338571114306965 0.03713819676951581
2.806806806806807 0.27415763745649246 0.038183003323314986
2.814814814814815 0.23485824435099062 0.0380890421443847
2.8228228228228227 0.22864030415978884 0.033945121793756305
2.8308308308308305 0.1896116013672469 0.0336446412195881
2.8388388388388384 0.20274986214381438 0.03667923250582355
2.846846846846847 0.10778404172992317 0.02052414743937769
2.854854854854855 0.1200482286294843 0.023898255295281647
2.8628628628628627 0.1457853566668064 0.029765669006827117
2.8708708708708706 0.10786468069503335 0.022392771915651397
2.8788788788788784 0.165338581375315 0.034066667126057375
2.886886886886887 0.16658254108756 0.03246282487838873
2.894894894894895 0.19631672943794695 0.038849602970041
2.9029029029029028 0.16269305661427472 0.02935707860888672
2.9109109109109106 0.14578630644469762 0.029659109880173215
2.9189189189189193 0.16047968129212223 0.029680233423116355
2.926926926926927 0.13585550611938135 0.02955826009496996
2.934934934934935 0.1752015258461965 0.03444092165054188
2.942942942942943 0.13862906400773028 0.029637935581857237
2.9509509509509506 0.08414583110056066 0.019655334001653906
2.9589589589589593 0.0680298909226745 0.018170241719923253
2.966966966966967 0.05995374917393943 0.014425148767285394
2.974974974974975 0.0862251242719784 0.022206529445560556
2.982982982982983 0.09453162996123123 0.02130755950620925
2.9909909909909906 0.08321002225228415 0.018445843415001446
2.9989989989989994 0.11452440758364871 0.024311868348557687
3.007007007007007 0.1417431048046998 0.03144626703846744
3.015015015015015 0.06324106473461238 0.014761445835197838
3.023023023023023 0.08082436692962182 0.023305552992461825
3.0310310310310307 0.057442613368307915 0.021389849460982418
3.0390390390390394 0.032492370529936664 0.010768761988205795
3.047047047047047 0.10194801161609222 0.026483117363800372
3.055055055055055 0.06145155982126088 0.018435894033003417
3.063063063063063 0.08108880112300676 0.021734299382942284
3.0710710710710707 0.053945218024772416 0.01698430076076945
3.0790790790790794 0.04401023487079357 0.017930740229257284
3.0870870870870872 0.012031075870504447 0.008393011729766607
3.095095095095095 0.013367249838639005 0.004411285135302556
3.103103103103103 0.0495191046490338 0.018835329635078942
3.1111111111111107 0.01935466510983372 0.007154600498069244
3.1191191191191194 0.018685904568979863 0.01221767735802772
3.1271271271271273 0.0030481587143923517 0.0008213715925040429
3.135135135135135 0.009065518751214467 0.005646153549445162
3.143143143143143 0.004559650273250567 0.002435622738865989
3.1511511511511507 0.02355945546558575 0.014154397019117793
3.1591591591591595 0.008745370623556334 0.004940451276644643
3.1671671671671673 0.0069077210877693555 0.00519242807419752
3.175175175175175 0.015148446423926782 0.011343048235046846
3.183183183183183 0.0008652545917868065 0.0003797362049416333
3.1911911911911908 0.0034378561073982543 0.0017199026935867047
3.1991991991991995 0.0011888598299505141 0.0007585239610046614
3.2072072072072073 0.0034959990291467905 0.00293584311955218
3.215215215215215 0.005702030367415664 0.005368974375331507
3.223223223223223 0.00017362457157193251 4.6721052037219466e-05
3.231231231231231 0.005017879727619918 0.004422126408849144
3.2392392392392395 0.00014399401697055643 7.030941135777076e-05
3.2472472472472473 0.00040272869023685697 0.00024605632933820555
3.255255255255255 4.830611150408738e-05 7.141310743857344e-06
3.263263263263263 4.7030550317423625e-05 1.3801546911132381e-05
3.271271271271271 3.1344178658735446e-05 1.2384384725309053e-06
3.2792792792792795 2.9991061277583473e-05 1.8228539036317887e-06
3.2872872872872874 0.0008330553110815751 0.000806489950577965
3.295295295295295 2.7402261531880777e-05 2.140708032843208e-06
3.303303303303303 2.4689346177852247e-05 5.27090630020297e-07
3.311311311311311 2.3460892232789447e-05 2.5399854537123335e-07
3.3193193193193196 2.2531711106111588e-05 1.733173155938478e-07
3.3273273273273274 2.1756927000676348e-05 1.6751946578337366e-07
3.335335335335335 2.1124344813494075e-05 2.450162600548857e-07
3.343343343343343 2.0761291119528467e-05 5.432226015527936e-07
3.351351351351351 2.2028342207997745e-05 2.4271430264960725e-06
3.3593593593593596 0.00018751521509081045 0.00016849059343338323
3.3673673673673674 2.0066355355462426e-05 1.5821601643204906e-06
3.3753753753753752 1.841318394878888e-05 4.3702456302100955e-07
3.383383383383383 1.7699656944741138e-05 2.0240144556917984e-07
3.391391391391391 1.7162477118410196e-05 1.1778767099895556e-07
3.3993993993993996 1.6694367965953426e-05 7.831282591261411e-08
3.4074074074074074 1.626614487913991e-05 5.6883610618720943e-08
3.4154154154154153 1.586645897511013e-05 4.3985485502540286e-08
3.423423423423423 1.548966858732782e-05 3.559666545610748e-08
3.431431431431431 1.5132413005171488e-05 2.9793313658899996e-08
3.4394394394394396 1.4792408330002687e-05 2.557011391596402e-08
3.4474474474474475 1.4467951723025827e-05 2.236522393342412e-08
3.4554554554554553 1.4157690373776689e-05 1.9847192631829603e-08
3.463463463463463 1.3860502226731424e-05 1.7811342785203797e-08
3.471471471471472 1.3575428776130212e-05 1.6126130061271905e-08
3.4794794794794797 1.3301634214039494e-05 1.4703938970014838e-08
3.4874874874874875 1.3038378907725735e-05 1.348449826673265e-08
3.4954954954954953 1.2785001177571324e-05 1.2425112615333207e-08
3.503503503503503 1.254090416278721e-05 1.1494719411047251e-08
3.511511511511512 1.2305545967511433e-05 1.0670165230894951e-08
3.5195195195195197 1.2078432019590346e-05 9.93380939813509e-09
3.5275275275275275 1.1859108982682006e-05 9.271942905647673e-09
3.5355355355355353 1.1647159797664308e-05 8.673720965454674e-09
3.543543543543543 1.1442199570418632e-05 8.130426689717795e-09
3.551551551551552 1.1243872110764153e-05 7.634952904660863e-09
3.5595595595595597 1.1051846983695332e-05 7.1814305835590325e-09
3.5675675675675675 1.0865816971449492e-05 6.764957713296662e-09
3.5755755755755754 1.0685495870432955e-05 6.381398187129887e-09
3.583583583583583 1.0510616564890246e-05 6.027230346398741e-09
3.591591591591592 1.0340929332014756e-05 5.699431279698114e-09
3.5995995995995997 1.017620034259463e-05 5.3953872599728094e-09
3.6076076076076076 1.0016210328317809e-05 5.112823554770764e-09
3.6156156156156154 9.86075339221488e-06 4.849748785465845e-09
3.6236236236236232 9.709635942863031e-06 4.604410349516473e-09
3.631631631631632 9.562675736232036e-06 4.375258351657135e-09
3.6396396396396398 9.419701011644547e-06 4.1609161516691005e-09
3.6476476476476476 9.280549710409124e-06 3.9601561119286315e-09
3.6556556556556554 9.14506876738431e-06 3.7718794680655884e-09
3.6636636636636633 9.013113467125371e-06 3.5950995010069596e-09
3.671671671671672 8.884546857421595e-06 3.4289273738267626e-09
3.67967967967968 8.759239213996781e-06 3.272560136515502e-09
3.6876876876876876 8.63706755095539e-06 3.1252705081398514e-09
3.6956956956956954 8.517915172242935e-06 2.986398126739077e-09
3.7037037037037033 8.401671259972452e-06 2.855342017187538e-09
3.711711711711712 8.288230495966346e-06 2.731554079281604e-09
3.71971971971972 8.177492713292402e-06 2.614533431436735e-09
3.7277277277277276 8.069362574940723e-06 2.5038214796690944e-09
3.7357357357357355 7.963749277109543e-06 2.3989976008773067e-09
3.7437437437437433 7.860566274845123e-06 2.299675351778946e-09
3.751751751751752 7.759731028023735e-06 2.2054991281717227e-09
3.75975975975976 7.661164765876656e-06 2.116141211371184e-09
3.7677677677677677 7.564792268444657e-06 2.031299149889647e-09
3.7757757757757755 7.470541663513204e-06 1.950693431981707e-09
3.7837837837837833 7.378344237724225e-06 1.8740654108638085e-09
3.791791791791792 7.2881342606883895e-06 1.8011754511527502e-09
3.7997997997998 7.199848821035828e-06 1.7318012684061648e-09
3.8078078078078077 7.113427673443413e-06 1.6657364400870797e-09
3.8158158158158155 7.028813095768391e-06 1.602789064559817e-09
3.8238238238238234 6.945949755496545e-06 1.5427805542037853e-09
3.831831831831832 6.864784584786426e-06 1.4855445447725077e-09
3.83983983983984 6.7852666634549295e-06 1.4309259095035615e-09
3.8478478478478477 6.707347109307376e-06 1.3787798654506151e-09
3.8558558558558556 6.630978975267301e-06 1.3289711626720963e-09
3.8638638638638634 6.55611715280798e-06 1.2813733475060477e-09
3.871871871871872 6.482718281229897e-06 1.2358680913306472e-09
3.87987987987988 6.410740662366472e-06 1.1923445791858663e-09
3.8878878878878878 6.3401441803348264e-06 1.1506989514206532e-09
3.8958958958958956 6.2708902259799095e-06 1.110833793380574e-09
3.9039039039039034 6.202941625688245e-06 1.0726576683766192e-09
3.911911911911912 6.136262574273626e-06 1.036084689623133e-09
3.91991991991992 6.0708185716603665e-06 1.0010341278118215e-09
3.9279279279279278 6.006576363111171e-06 9.67430049770065e-10
3.9359359359359356 5.943503882765843e-06 9.35200987905798e-10
3.9439439439439443 5.8815702002753594e-06 9.042796337210345e-10
3.951951951951952 5.8207454703312975e-06 8.746025576373934e-10
3.95995995995996 5.761000884906178e-06 8.461099488186831e-10
3.967967967967968 5.7023086280333815e-06 8.187453756453798e-10
3.9759759759759756 5.644641832967844e-06 7.924555650296525e-10
3.9839839839839843 5.587974541580477e-06 7.671901967324441e-10
3.991991991991992 5.5322816658491745e-06 7.429017147713401e-10
4.0 5.477538951319486e-06 7.195451507524343e-10
