-4.0 0.07015641563061688 2.8730799800182752e-05
-3.9839679358717435 0.07157442791820279 3.062812531364616e-05
-3.967935871743487 0.07304269447608128 3.268054277972122e-05
-3.9519038076152304 0.07456386330945079 3.490348866756377e-05
-3.935871743486974 0.07614077253885757 3.731424309711509e-05
-3.9198396793587174 0.07777646803369637 3.993219068475127e-05
-3.903807615230461 0.0794742230839022 4.277912458510976e-05
-3.8877755511022043 0.0812375603958992 4.58796020541438e-05
-3.8717434869739478 0.08307027674668677 4.9261361646639625e-05
-3.8557114228456912 0.0849764706871297 5.295581447817824e-05
-3.8396793587174347 0.08696057375420871 5.699862484222085e-05
-3.823647294589178 0.08902738573486628 6.14303991272653e-05
-3.8076152304609217 0.09118211462455557 6.629750661815486e-05
-3.791583166332665 0.09343042204601171 7.165306168548091e-05
-3.775551102204409 0.09577847504369603 7.755810454003836e-05
-3.7595190380761525 0.09823300535404186 8.408302759814522e-05
-3.743486973947896 0.10080137748044861 9.130930753654673e-05
-3.7274549098196395 0.10349166718730926 9.933162011145036e-05
-3.711422845691383 0.10631275238555847 0.00010826043752616377
-3.6953907815631264 0.1092744188351811 0.00011822523847007636
-3.67935871743487 0.11238748366732564 0.00012937850195961505
-3.6633266533066133 0.11566394047033902 0.00014190071215201074
-3.647294589178357 0.11911713064560032 0.00015600667856283522
-3.6312625250501003 0.1227619469977626 0.00017195358399011337
-3.6152304609218437 0.1266150771890487 0.0001900513248520614
-3.599198396793587 0.1306952969148838 0.0002106759267941625
-3.5831663326653307 0.13502382567553994 0.00023428713530886943
-3.567134268537074 0.13962476216125752 0.00026145174846985093
-3.5511022044088176 0.1445256220412773 0.0002928749600308001
-3.535070140280561 0.149758009124552 0.00032944305262234795
-3.5190380761523046 0.15535846265473757 0.00037228245168883145
-3.503006012024048 0.16136954086102626 0.00042284281546521157
-3.4869739478957915 0.16784122701657267 0.00048301619208255425
-3.470941883767535 0.17483278459904011 0.0005553115941603395
-3.4549098196392785 0.1824152522450727 0.000643117025664094
-3.438877755511022 0.19067487440981 0.0007511037569508191
-3.422845691382766 0.19971794296260353 0.0008858701355610873
-3.4068136272545093 0.20967784410854623 0.0010570052282993807
-3.390781563126253 0.22072570263387395 0.001278923504217377
-3.3747494989979963 0.2330872036794116 0.0015741960865966853
-3.3587174348697397 0.24707071111577716 0.0019799864753730473
-3.342685370741483 0.2631177251281699 0.002561473121862652
-3.3266533066132267 0.2819021471765161 0.003442694845219608
-3.31062124248497 0.30455110162930016 0.00488705369901553
-3.2945891783567136 0.33322812267151464 0.00754776217689289
-3.278557114228457 0.3731237406096683 0.01348061920800532
-3.2625250501002006 0.442948282535717 0.0325608102448204
-3.246492985971944 0.7190110380486706 0.19308936767122514
-3.2304609218436875 1.4837588954837053 0.6436817924545467
-3.214428857715431 1.6013607058170245 0.5838633617006177
-3.1983967935871744 2.281542372987632 0.8048714801337746
-3.182364729458918 2.430655142829753 0.7117168107014691
-3.1663326653306614 3.583118755410264 0.8610754498449471
-3.150300601202405 4.156708517267817 0.8863702998070463
-3.1342685370741483 6.478156714510073 1.2809343009393825
-3.118236472945892 7.560055303297216 1.4529992586405749
-3.1022044088176353 5.686845151377779 0.9752751543624062
-3.0861723446893787 9.637528170662232 1.564175412050481
-3.070140280561122 14.765132176638112 2.207998660897861
-3.0541082164328657 15.508526500747632 2.0166203370861817
-3.038076152304609 13.993131092293243 1.6636011138641293
-3.0220440881763526 17.83459996993203 2.084091105865271
-3.006012024048096 28.416314513736026 2.729014544011628
-2.9899799599198396 31.697950611221565 2.707684709113301
-2.973947895791583 25.695561424371117 2.3012574477716474
-2.9579158316633265 26.92991351739704 2.287022342998402
-2.94188376753507 34.95530467136671 2.8367533396513305
-2.9258517034068134 36.85465299374019 2.6795689859638383
-2.909819639278557 40.56213686140032 2.9794429470509725
-2.8937875751503004 43.00039545890449 2.8071014704870034
-2.877755511022044 34.815173792189114 2.4043910621532065
-2.8617234468937878 36.37484593452185 2.500956297216558
-2.8456913827655312 37.74679260753962 2.5402150210595718
-2.8296593186372747 49.05029767882514 2.6173504379507557
-2.813627254509018 57.65196251648474 2.811238005009018
-2.7975951903807617 60.402719934126 2.8963001577180827
-2.781563126252505 58.69102139693474 2.6205427685220886
-2.7655310621242486 60.077111034413576 2.685039331737553
-2.749498997995992 63.97125394620721 2.9382083283183933
-2.7334669338677355 58.82820431952475 2.516987545357049
-2.717434869739479 59.976086043187564 2.6411340948014055
-2.7014028056112225 65.39037512351032 2.4062572740048753
-2.685370741482966 62.75016765684676 2.681660627665055
-2.6693386773547094 62.73125893114647 2.6351652384842157
-2.6533066132264533 67.18121527318056 2.773270542552243
-2.637274549098197 62.69747846362386 2.866291346782838
-2.6212424849699403 62.94307300726768 2.917015074411772
-2.6052104208416837 60.10079449714722 2.667545778983125
-2.589178356713427 56.4745805991906 2.758797674598802
-2.5731462925851707 58.96233806303151 2.740126952606259
-2.557114228456914 62.88799690839313 2.8742413341532593
-2.5410821643286576 60.08338326144121 2.897753579302639
-2.525050100200401 58.22600467281373 2.6205835897432204
-2.5090180360721446 64.26474364594252 2.445616506586435
-2.492985971943888 60.24822169266862 2.5736908210328626
-2.4769539078156315 58.48509715580202 2.571171476855384
-2.460921843687375 60.38929385218005 2.7509120648550285
-2.4448897795591185 61.04968074663891 2.36716154243171
-2.428857715430862 63.09024688877548 2.6208496285100615
-2.4128256513026054 59.73681393531637 2.418091017730856
-2.396793587174349 65.89812791723585 2.8626965907027384
-2.3807615230460923 63.22128800355687 2.3937158398392206
-2.364729458917836 62.2172167471866 2.479345141001381
-2.3486973947895793 66.79062673068255 2.83619376178091
-2.3326653306613228 65.78532302929939 2.7453180349393485
-2.3166332665330662 61.32495781345827 2.5631497399619487
-2.3006012024048097 64.39274551242504 2.773474236803602
-2.284569138276553 67.2149383686703 2.526074759532753
-2.2685370741482966 71.02931737501738 2.766874539180987
-2.25250501002004 65.75130723724186 2.7439965922829996
-2.2364729458917836 68.88798532541321 2.942283975179211
-2.220440881763527 69.99947184950909 2.4492913521595434
-2.2044088176352705 68.58169075217714 2.7211068930006657
-2.188376753507014 68.91883585952013 2.4493039283752056
-2.1723446893787575 74.58754773431646 2.8862418319823098
-2.156312625250501 75.89642770565969 2.769876000117352
-2.1402805611222444 73.92780169250476 2.6955106185637674
-2.124248496993988 74.62449680398053 2.7601808717405856
-2.1082164328657313 72.4372035427892 2.7976995318322957
-2.092184368737475 76.60127873539047 2.4953442676281026
-2.0761523046092183 74.60409734559154 2.657279013796133
-2.0601202404809618 77.30854643643295 2.7661437871077466
-2.0440881763527057 82.26319185189305 2.7180265187090975
-2.028056112224449 87.11526493074899 2.518796868034748
-2.0120240480961926 84.19266468090741 2.7835140022995617
-1.995991983967936 84.23288145748302 2.8633010442472484
-1.9799599198396796 78.34327344508333 2.780585591839787
-1.963927855711423 74.31360619241508 2.976922769262233
-1.9478957915831665 71.38567313763171 2.642958292841635
-1.93186372745491 69.15166296654425 2.6207236925791046
-1.9158316633266534 67.16248242470522 2.9017890863101714
-1.899799599198397 64.14625409174552 2.6392804148414233
-1.8837675350701404 68.99748806288575 2.6057861699939524
-1.8677354709418839 65.6347757014575 2.564728989001185
-1.8517034068136273 63.55219975672119 2.5870091530124397
-1.8356713426853708 58.545877484785336 2.8405709858818504
-1.8196392785571143 59.024524141419555 2.6757403688342527
-1.8036072144288577 62.875700073364044 2.722708539002441
-1.7875751503006012 56.65970022130335 2.40009180230853
-1.7715430861723447 60.36125255257329 2.499428745644794
-1.7555110220440882 58.61393813360968 2.6099143482540867
-1.739478957915832 49.42970950098875 2.3820241460967377
-1.7234468937875755 50.43746089398191 2.836788016343595
-1.707414829659319 53.57084721693534 2.5908568914727335
-1.6913827655310625 47.62030859385625 2.590458134420033
-1.675350701402806 49.16141483253933 2.5773323664365337
-1.6593186372745494 44.95264675689172 2.294168534633285
-1.643286573146293 45.20482259508935 2.547864119152668
-1.6272545090180364 50.38350825884031 2.7393762615006985
-1.6112224448897798 46.716536836397836 2.420958132404684
-1.5951903807615233 42.469904129048345 2.4045063494668146
-1.5791583166332668 44.40611579207615 2.530942586045255
-1.5631262525050102 47.41615813572054 2.772647301961923
-1.5470941883767537 46.34386968530745 2.621795295440778
-1.5310621242484972 38.9313446164298 2.310622514482965
-1.5150300601202407 36.396186049244285 2.296229642838174
-1.4989979959919841 38.75480138902608 2.306915056876982
-1.4829659318637276 39.04570076053413 2.347445649538654
-1.466933867735471 42.65005405612916 2.5604266138533847
-1.4509018036072145 37.64412729523345 2.258008768762506
-1.434869739478958 31.830182375409755 2.1496199862483905
-1.4188376753507015 38.61589019833285 2.2197329569005135
-1.402805611222445 34.51082303819222 2.243490327568578
-1.3867735470941884 34.45285816133255 2.422800241422214
-1.370741482965932 32.20441477011456 2.2294669781907763
-1.3547094188376754 25.94047189744215 1.9203419617139827
-1.3386773547094188 34.91119859168144 2.7141608817343874
-1.3226452905811628 35.58310842132677 2.5702711935220783
-1.3066132264529062 30.61571861062391 2.2725607218794988
-1.2905811623246497 29.898679712143156 2.404115441213254
-1.2745490981963932 31.00096572894648 2.3269809027249577
-1.2585170340681366 34.72075599019707 2.3460240762491846
-1.2424849699398801 27.18656573981135 2.0906599886383637
-1.2264529058116236 24.21826197179591 2.15708446205795
-1.210420841683367 30.122967215758145 2.3463592722786677
-1.1943887775551105 27.821633911667227 2.117117238249138
-1.178356713426854 24.386594578814837 1.860231329126603
-1.1623246492985975 28.518583147717322 2.17722190367576
-1.146292585170341 24.756789077591947 1.9220494222670024
-1.1302605210420844 25.098315288626118 2.0747850751500794
-1.1142284569138279 27.97482626097419 2.3085109153646126
-1.0981963927855714 23.42184742051234 1.8183797681900566
-1.0821643286573148 27.711751173295283 2.2024673424100008
-1.0661322645290583 25.805476678512832 1.9838412226880449
-1.0501002004008018 21.383300179299226 1.7049820467601189
-1.0340681362725452 25.17310413008532 1.9968814561769357
-1.0180360721442887 30.23331081338918 2.452702149953208
-1.0020040080160322 26.40128749618405 2.074279570229837
-0.9859719438877756 24.307949718683105 2.2645555759657774
-0.9699398797595191 23.909505596100942 1.921711051970885
-0.9539078156312626 25.879952858924636 2.2827920158908457
-0.9378757515030061 22.073990110681184 2.054717536662986
-0.92184368737475 28.32699135185036 2.1915639476845667
-0.9058116232464934 27.844981341738173 2.4427391608258127
-0.8897795591182369 21.15591829093554 1.908301514144513
-0.8737474949899804 23.358693308153512 2.15523330521154
-0.8577154308617239 19.0285893420618 1.8897386586695921
-0.8416833667334673 21.53849809047547 2.1818710499545144
-0.8256513026052108 24.917786946173784 2.199853184521548
-0.8096192384769543 24.928114899075204 2.102928002437496
-0.7935871743486977 25.41422605164901 2.1244169992415336
-0.7775551102204412 24.747906326595142 2.3266246223361327
-0.7615230460921847 20.35978452028785 1.9471230886162811
-0.7454909819639282 21.170180751368665 2.073675961945142
-0.7294589178356716 24.13111912071723 2.136680214783288
-0.7134268537074151 21.9003866281347 1.9132040291681798
-0.6973947895791586 23.656584609230364 2.0258048255469174
-0.681362725450902 21.595584632422877 2.0900642573314943
-0.6653306613226455 19.62083012061179 1.866164973553388
-0.649298597194389 23.85851998994045 2.187041285811651
-0.6332665330661325 22.17048209243676 2.0621675609133896
-0.6172344689378759 21.076494307342927 2.0455156214918886
-0.6012024048096194 25.481822617109785 2.2098677484676483
-0.5851703406813629 19.445643929823788 1.9655071478875494
-0.5691382765531063 20.786668647569677 2.3921619854218674
-0.5531062124248498 19.37146770672973 1.8735574625775873
-0.5370741482965933 22.767368909376984 2.125684867398666
-0.5210420841683367 24.53117974159919 2.4496326103678903
-0.5050100200400807 16.30131035988696 1.688159195054846
-0.48897795591182414 19.95644710188503 2.1472895676252475
-0.4729458917835676 20.66916024419691 1.7803224946097582
-0.4569138276553111 23.064653227766026 2.1586562712366897
-0.44088176352705455 19.8987314416394 2.0509460507305173
-0.424849699398798 20.78160753222172 1.975158361794361
-0.4088176352705415 20.408309385005023 2.2940746176621976
-0.39278557114228496 21.738884071683298 2.211927800160389
-0.37675350701402843 18.368111723035565 1.8311957676981794
-0.3607214428857719 17.375917661280806 1.8155589926499742
-0.3446893787575154 17.049220264502765 1.9276844520594865
-0.32865731462925885 18.560767037016973 1.7550367032979395
-0.3126252505010023 17.689196080652046 1.7441433596743858
-0.2965931863727458 20.314617795326676 1.989781131978001
-0.28056112224448926 21.81223065348243 2.008644717410956
-0.26452905811623273 20.389912835452762 2.0857466924415635
-0.2484969939879762 21.904564784175655 2.1886158272379337
-0.23246492985971967 16.303458446357215 1.6487987156560377
-0.21643286573146314 18.30898643993114 2.030483749115773
-0.2004008016032066 19.80392241541746 2.0134202752694685
-0.18436873747495008 15.372985498987905 1.6243756048422298
-0.16833667334669355 18.02637128153033 1.9368542274341756
-0.15230460921843703 22.293284258645553 2.2983493095158356
-0.1362725450901805 19.866999613966954 1.9635093365840717
-0.12024048096192397 15.649004068264574 1.7314477999649602
-0.10420841683366744 17.69159900011462 1.9667124702625323
-0.08817635270541135 17.646116668199394 1.729182429809161
-0.07214428857715482 23.283483889082362 2.1876901224565795
-0.056112224448898296 19.606494072263594 1.8942143854362548
-0.04008016032064177 21.99343484835468 2.1609561995101796
-0.024048096192385238 22.57395631617881 1.9409431358408136
-0.008016032064128709 31.374822300445217 2.559389301278968
0.00801603206412782 31.374822300445018 2.559389301278981
0.02404809619238435 22.573956316178652 1.9409431358407596
0.04008016032064088 21.993434848355026 2.1609561995102213
0.05611222444889741 19.60649407226299 1.894214385436187
0.07214428857715394 23.283483889082703 2.187690122456607
0.08817635270541047 17.646116668199355 1.7291824298091247
0.104208416833667 17.691599000114753 1.9667124702625336
0.12024048096192352 15.649004068264492 1.7314477999649684
0.13627254509018005 19.86699961396693 1.9635093365840688
0.15230460921843658 22.29328425864535 2.298349309515793
0.1683366733466931 18.026371281530217 1.9368542274341456
0.18436873747494964 15.372985498988115 1.6243756048422713
0.20040080160320617 19.803922415417418 2.013420275269454
0.2164328657314627 18.308986439931058 2.030483749115781
0.23246492985971923 16.303458446357183 1.6487987156560133
0.24849699398797576 21.904564784175527 2.1886158272379235
0.2645290581162323 20.389912835452755 2.0857466924415573
0.2805611222444888 21.81223065348247 2.0086447174109687
0.29659318637274534 20.31461779532683 1.989781131977992
0.3126252505010019 17.68919608065192 1.744143359674392
0.3286573146292584 18.560767037017015 1.7550367032979288
0.34468937875751493 17.049220264502647 1.9276844520594654
0.36072144288577146 17.37591766128094 1.8155589926499964
0.376753507014028 18.368111723035607 1.8311957676981998
0.3927855711422845 21.73888407168304 2.21192780016036
0.40881763527054105 20.40830938500517 2.2940746176622158
0.4248496993987976 20.781607532221816 1.9751583617943753
0.4408817635270541 19.89873144163923 2.0509460507304818
0.45691382765531063 23.064653227765834 2.158656271236666
0.47294589178356716 20.669160244196757 1.7803224946097198
0.4889779559118237 19.95644710188532 2.147289567625282
0.5050100200400802 16.301310359886735 1.6881591950548342
0.5210420841683359 24.531179741599075 2.4496326103678365
0.5370741482965924 22.767368909376934 2.125684867398671
0.5531062124248489 19.37146770672975 1.8735574625775735
0.5691382765531054 20.786668647570153 2.3921619854219522
0.585170340681362 19.445643929823074 1.9655071478874633
0.6012024048096185 25.481822617109575 2.2098677484675955
0.617234468937875 21.076494307343054 2.045515621491854
0.6332665330661316 22.170482092436377 2.0621675609133945
0.6492985971943881 23.858519989940316 2.1870412858116093
0.6653306613226446 19.62083012061191 1.8661649735534092
0.6813627254509012 21.595584632422625 2.0900642573314756
0.6973947895791577 23.656584609230254 2.0258048255469556
0.7134268537074142 21.900386628134832 1.9132040291682055
0.7294589178356707 24.13111912071781 2.136680214783359
0.7454909819639273 21.170180751368154 2.0736759619451073
0.7615230460921838 20.359784520288123 1.9471230886162816
0.7775551102204403 24.74790632659434 2.326624622336056
0.7935871743486969 25.41422605164922 2.1244169992415265
0.8096192384769534 24.92811489907514 2.1029280024374795
0.8256513026052099 24.917786946174274 2.199853184521606
0.8416833667334664 21.538498090475812 2.1818710499545544
0.857715430861723 19.028589342061604 1.8897386586695997
0.8737474949899795 23.358693308153576 2.155233305211533
0.889779559118236 21.155918290935496 1.9083015141445074
0.9058116232464926 27.84498134173767 2.442739160825778
0.9218436873747491 28.326991351850708 2.191563947684576
0.9378757515030056 22.073990110681397 2.05471753666301
0.9539078156312621 25.87995285892461 2.282792015890847
0.9699398797595187 23.909505596100942 1.921711051970888
0.9859719438877752 24.307949718683144 2.2645555759657783
1.0020040080160317 26.401287496184228 2.0742795702298755
1.0180360721442883 30.233310813389213 2.4527021499532413
1.0340681362725448 25.173104130085292 1.9968814561769404
1.0501002004008013 21.383300179299127 1.704982046760106
1.0661322645290578 25.805476678512665 1.9838412226880267
1.0821643286573144 27.7117511732953 2.202467342409992
1.098196392785571 23.421847420512435 1.8183797681900535
1.1142284569138274 27.974826260974005 2.3085109153645953
1.130260521042084 25.09831528862607 2.0747850751500794
1.1462925851703405 24.756789077591762 1.9220494222669762
1.162324649298597 28.51858314771714 2.1772219036757403
1.1783567134268536 24.386594578814815 1.8602313291265877
1.19438877755511 27.821633911667245 2.1171172382491474
1.2104208416833666 30.122967215758305 2.3463592722786664
1.2264529058116231 24.218261971795947 2.157084462057961
1.2424849699398797 27.186565739811375 2.0906599886383623
1.2585170340681362 34.720755990197254 2.3460240762492286
1.2745490981963927 31.00096572894636 2.326980902724943
1.2905811623246493 29.89867971214313 2.4041154412132526
1.3066132264529058 30.615718610623947 2.2725607218795214
1.3226452905811623 35.58310842132702 2.5702711935220814
1.338677354709418 34.91119859168162 2.7141608817343816
1.3547094188376745 25.940471897442514 1.920341961714031
1.370741482965931 32.20441477011456 2.229466978190808
1.3867735470941875 34.452858161332564 2.422800241422216
1.402805611222444 34.51082303819204 2.243490327568553
1.4188376753507006 38.61589019833277 2.2197329569005086
1.4348697394789571 31.83018237540986 2.1496199862483816
1.4509018036072137 37.64412729523325 2.2580087687624895
1.4669338677354702 42.65005405612954 2.5604266138534344
1.4829659318637267 39.04570076053424 2.347445649538691
1.4989979959919832 38.75480138902579 2.3069150568769357
1.5150300601202398 36.39618604924427 2.296229642838157
1.5310621242484963 38.931344616429584 2.310622514483013
1.5470941883767528 46.343869685307894 2.621795295440751
1.5631262525050094 47.416158135720046 2.7726473019619173
1.579158316633266 44.4061157920765 2.530942586045277
1.5951903807615224 42.46990412904876 2.4045063494668355
1.611222444889779 46.71653683639722 2.420958132404623
1.6272545090180355 50.383508258840436 2.7393762615006816
1.643286573146292 45.20482259508907 2.5478641191526643
1.6593186372745485 44.95264675689141 2.294168534633272
1.675350701402805 49.16141483253912 2.5773323664365093
1.6913827655310616 47.6203085938557 2.5904581344199866
1.7074148296593181 53.57084721693526 2.5908568914727637
1.7234468937875747 50.43746089398203 2.8367880163435832
1.7394789579158312 49.42970950098799 2.3820241460967124
1.7555110220440877 58.61393813360953 2.6099143482540654
1.7715430861723442 60.361252552573276 2.499428745644777
1.7875751503006008 56.65970022130339 2.4000918023085593
1.8036072144288573 62.875700073363724 2.7227085390024155
1.8196392785571138 59.02452414141956 2.6757403688342563
1.8356713426853704 58.54587748478537 2.8405709858818886
1.8517034068136269 63.55219975672123 2.5870091530124735
1.8677354709418834 65.63477570145731 2.564728989001178
1.88376753507014 68.99748806288616 2.6057861699939666
1.8997995991983965 64.14625409174569 2.6392804148414437
1.915831663326653 67.16248242470489 2.901789086310144
1.9318637274549095 69.15166296654407 2.6207236925791064
1.947895791583166 71.38567313763185 2.6429582928416475
1.9639278557114226 74.31360619241461 2.976922769262207
1.9799599198396791 78.3432734450829 2.7805855918397833
1.9959919839679356 84.2328814574828 2.863301044247234
2.012024048096192 84.19266468090733 2.783514002299558
2.0280561122244487 87.11526493074916 2.5187968680347335
2.0440881763527052 82.26319185189284 2.7180265187090584
2.0601202404809618 77.30854643643295 2.7661437871077466
2.0761523046092183 74.60409734559154 2.657279013796133
2.092184368737475 76.60127873539047 2.4953442676281026
2.1082164328657313 72.4372035427892 2.7976995318322957
2.124248496993988 74.62449680398053 2.7601808717405856
2.1402805611222444 73.92780169250476 2.6955106185637674
2.1563126252505 75.8964277056603 2.7698760001173715
2.1723446893787566 74.58754773431703 2.8862418319822902
2.188376753507013 68.91883585952063 2.449303928375174
2.2044088176352696 68.58169075217762 2.7211068930006204
2.220440881763526 69.99947184950933 2.4492913521595963
2.2364729458917827 68.88798532541344 2.942283975179175
2.2525050100200392 65.75130723724158 2.743996592282968
2.2685370741482958 71.02931737501781 2.7668745391809937
2.2845691382765523 67.21493836867015 2.526074759532764
2.300601202404809 64.3927455124255 2.7734742368035867
2.3166332665330653 61.32495781345867 2.5631497399619714
2.332665330661322 65.78532302929916 2.7453180349393587
2.3486973947895784 66.79062673068368 2.8361937617810025
2.364729458917835 62.21721674718638 2.4793451410013154
2.3807615230460915 63.22128800355641 2.3937158398392517
2.396793587174348 65.89812791723523 2.862696590702703
2.4128256513026045 59.736813935315595 2.4180910177308994
2.428857715430861 63.09024688877499 2.6208496285100495
2.4448897795591176 61.04968074663984 2.367161542431753
2.460921843687374 60.38929385217947 2.750912064855001
2.4769539078156306 58.4850971558018 2.5711714768553753
2.492985971943887 60.248221692668906 2.5736908210328706
2.5090180360721437 64.26474364594154 2.4456165065863806
2.5250501002004 58.22600467281345 2.620583589743251
2.5410821643286567 60.083383261441774 2.8977535793026266
2.5571142284569133 62.8879969083928 2.8742413341532407
2.57314629258517 58.962338063031396 2.7401269526062757
2.5891783567134263 56.474580599190624 2.758797674598831
2.605210420841683 60.10079449714751 2.6675457789831984
2.6212424849699394 62.94307300726736 2.9170150744116814
2.637274549098196 62.69747846362342 2.8662913467827136
2.6533066132264524 67.18121527318024 2.773270542552213
2.669338677354709 62.73125893114696 2.635165238484193
2.6853707414829655 62.75016765684673 2.6816606276650643
2.701402805611222 65.39037512350974 2.40625727400486
2.7174348697394786 59.97608604318799 2.6411340948013784
2.733466933867735 58.82820431952428 2.516987545357058
2.7494989979959916 63.97125394620732 2.9382083283183733
2.765531062124248 60.0771110344132 2.685039331737565
2.7815631262525047 58.69102139693463 2.620542768522049
2.797595190380761 60.402719934125905 2.8963001577180587
2.8136272545090177 57.65196251648491 2.811238005009012
2.8296593186372743 49.05029767882582 2.6173504379507846
2.845691382765531 37.74679260753988 2.5402150210596113
2.8617234468937873 36.374845934521865 2.500956297216574
2.877755511022044 34.815173792189114 2.4043910621532065
2.8937875751503004 43.00039545890449 2.8071014704870034
2.909819639278557 40.56213686140032 2.9794429470509725
2.9258517034068134 36.85465299374019 2.6795689859638383
2.94188376753507 34.95530467136671 2.8367533396513305
2.9579158316633265 26.92991351739704 2.287022342998402
2.973947895791583 25.695561424371117 2.3012574477716474
2.9899799599198387 31.697950611221312 2.7076847091132534
3.006012024048095 28.416314513736765 2.7290145440116986
3.0220440881763517 17.834599969932427 2.084091105865281
3.0380761523046083 13.993131092292964 1.6636011138640525
3.054108216432865 15.508526500747589 2.01662033708616
3.0701402805611213 14.765132176638465 2.2079986608978937
3.086172344689378 9.637528170662312 1.5641754120504785
3.1022044088176344 5.686845151377872 0.9752751543624505
3.118236472945891 7.5600553032971956 1.452999258640582
3.1342685370741474 6.47815671451048 1.2809343009394767
3.150300601202404 4.156708517267616 0.8863702998069669
3.1663326653306605 3.58311875541052 0.8610754498450449
3.182364729458917 2.4306551428297225 0.7117168107014338
3.1983967935871735 2.2815423729877775 0.8048714801338304
3.21442885771543 1.601360705816908 0.5838633617005277
3.2304609218436866 1.4837588954836831 0.643681792454516
3.246492985971943 0.7190110380487085 0.19308936767125076
3.2625250501001997 0.44294828253572305 0.03256081024482271
3.278557114228456 0.37312374060967124 0.01348061920800582
3.2945891783567127 0.33322812267151647 0.007547762176893086
3.3106212424849693 0.3045511016293013 0.004887053699015775
3.326653306613226 0.28190214717651724 0.0034426948452197506
3.3426853707414823 0.2631177251281709 0.002561473121862625
3.358717434869739 0.247070711115778 0.0019799864753730473
3.3747494989979954 0.2330872036794123 0.0015741960865966853
3.390781563126252 0.22072570263387445 0.001278923504217733
3.4068136272545084 0.20967784410854676 0.0010570052282996127
3.422845691382765 0.1997179429626041 0.0008858701355610873
3.4388777555110215 0.19067487440981018 0.0007511037569511457
3.454909819639278 0.18241525224507296 0.000643117025663876
3.4709418837675345 0.1748327845990402 0.0005553115941607181
3.486973947895791 0.16784122701657286 0.0004830161920823003
3.5030060120240476 0.1613695408610264 0.0004228428154653773
3.519038076152304 0.15535846265473766 0.00037228245168911383
3.5350701402805607 0.14975800912455217 0.00032944305262234795
3.551102204408817 0.14452562204127747 0.00029287496003062064
3.5671342685370737 0.1396247621612577 0.0002614517484696499
3.5831663326653302 0.13502382567554005 0.00023428713530909378
3.5991983967935868 0.1306952969148839 0.0002106759267940793
3.6152304609218433 0.12661507718904874 0.00019005132485279896
3.6312625250501 0.12276194699776272 0.00017195358399011337
3.6472945891783564 0.11911713064560042 0.00015600667856283522
3.663326653306613 0.11566394047033915 0.0001419007121515168
3.6793587174348694 0.11238748366732583 0.00012937850195859929
3.695390781563126 0.10927441883518117 0.00011822523847000224
3.7114228456913825 0.10631275238555853 0.00010826043752681119
3.727454909819639 0.10349166718730932 9.933162011153856e-05
3.7434869739478955 0.10080137748044865 9.130930753712244e-05
3.759519038076152 0.09823300535404197 8.408302759814522e-05
3.7755511022044086 0.09577847504369616 7.755810453924761e-05
3.791583166332665 0.09343042204601171 7.165306168548091e-05
3.8076152304609208 0.09118211462455574 6.629750661749411e-05
3.8236472945891773 0.0890273857348664 6.14303991266948e-05
3.839679358717434 0.08696057375420885 5.6998624841759726e-05
3.8557114228456904 0.0849764706871298 5.295581447884001e-05
3.871743486973947 0.08307027674668689 4.9261361646194994e-05
3.8877755511022034 0.08123756039589931 4.587960205376188e-05
3.90380761523046 0.07947422308390228 4.277912458582657e-05
3.9198396793587165 0.07777646803369644 3.9932190685080366e-05
3.935871743486973 0.07614077253885766 3.7314243096645504e-05
3.9519038076152295 0.0745638633094509 3.490348866731276e-05
3.967935871743486 0.07304269447608139 3.268054277918505e-05
3.9839679358717426 0.07157442791820286 3.062812531350313e-05
4.0 0.07015641563061688 2.8730799800182752e-05
