2.411273989173228979e-02
2.458072455930762970e-02
2.506526133374151200e-02
2.556723735288197324e-02
2.608760476883576276e-02
2.662738687098155713e-02
2.718768492050362487e-02
2.776968579559229225e-02
2.837467056267724275e-02
2.900402410834991562e-02
2.965924598964480088e-02
3.034196268791938128e-02
3.105394148471657748e-02
3.179710621801055959e-02
3.257355522574998524e-02
3.338558184269277418e-02
3.423569788880338749e-02
3.512666067634439421e-02
3.606150417259941510e-02
3.704357509158635181e-02
3.807657485857609408e-02
3.916460860549209055e-02
4.031224262629834465e-02
4.152457206664058459e-02
4.280730106469949475e-02
4.416683813231677552e-02
4.561041031078828106e-02
4.714620061513041804e-02
4.878351457955198284e-02
5.053298345670421965e-02
5.240681397867714975e-02
5.441909781346461472e-02
5.658619832396442201e-02
5.892723852521809802e-02
6.146472310914031373e-02
6.422534042282261602e-02
6.724100951481688793e-02
7.055026634865932400e-02
7.420012797863372034e-02
7.824864419893301504e-02
8.276846139106723566e-02
8.785191745742816638e-02
9.361852708709199333e-02
1.002263416139106827e-01
1.078898810499745037e-01
1.169098555082291324e-01
1.277255786813248917e-01
1.410152125768009135e-01
1.579097079280130378e-01
1.805250412181766961e-01
2.136168518302036246e-01
2.718080281636955364e-01
4.335955663342228039e-01
9.767281087263048889e-01
6.300827933213476451e-01
9.511156613613274136e-01
2.587309823463021630e+00
2.798349811386993125e+00
3.794607490175459841e+00
6.604008494510408056e+00
8.681424598551688021e+00
5.546668396433038772e+00
5.143199858688302761e+00
4.967215790550963739e+00
5.362063080603818754e+00
5.586404060629278412e+00
5.568605643754349188e+00
6.684978061404686756e+00
8.181777501753167314e+00
8.995101533677681616e+00
8.399063044674139888e+00
9.140020144298434346e+00
8.785954019646649016e+00
6.863065384280369052e+00
6.088603940365374001e+00
7.873921300342122009e+00
9.114764690668476277e+00
8.383080358375055496e+00
1.099427691153614717e+01
1.061314492614565630e+01
8.070387323561361015e+00
7.695382562751557742e+00
7.927870028908537314e+00
9.862729891651342840e+00
1.389130688049497309e+01
1.241281482018639082e+01
1.004884121940514596e+01
1.062063243656107048e+01
1.097924935320463113e+01
7.563562700917686676e+00
7.625704009622255697e+00
1.029930744292691713e+01
1.154735863062610157e+01
1.113669143696661479e+01
9.824082565672322076e+00
9.116870977067133452e+00
9.734183579717587520e+00
1.001573096643132921e+01
1.126169440783632147e+01
1.225546066031914982e+01
1.084970854769030169e+01
1.231285852249901325e+01
1.057455772632657443e+01
1.003723208620002261e+01
9.371065785713394547e+00
7.960955641985190567e+00
9.498993336667878040e+00
1.131576390417773226e+01
9.706719805626105924e+00
9.534258022827510004e+00
1.089661605058146243e+01
1.077599180835350623e+01
1.011548931481445912e+01
1.002584232931621600e+01
8.782253797282253416e+00
1.210305353331212252e+01
1.237596292397813080e+01
1.042186542570027719e+01
1.229696545970133847e+01
9.364659116425624319e+00
8.145129851150311850e+00
1.017820483345826865e+01
9.882896552994973050e+00
9.620027381766213637e+00
9.661723818968285471e+00
1.058162192809233915e+01
1.103761251396873355e+01
1.488754021417717155e+01
1.242282970531584319e+01
1.171211387350327371e+01
9.632456530280398610e+00
9.375562219196840630e+00
1.015993992327869400e+01
1.058717191926747958e+01
1.135880726994090750e+01
1.132838673510666894e+01
1.143578375995140561e+01
8.456843418846140992e+00
9.848222464347585969e+00
1.015491783947573268e+01
1.168413030120000506e+01
9.363331086211649890e+00
8.876686163080874437e+00
9.151515113445569227e+00
1.043376083409390986e+01
1.149684669441739260e+01
9.900650796141441390e+00
1.162951738508845168e+01
1.157215507943078592e+01
9.200659677249930724e+00
8.688870528520375558e+00
7.554884133822355352e+00
8.462273050177495648e+00
7.698238269296682645e+00
7.462571857306121714e+00
9.188287696441927110e+00
1.153466485990431423e+01
8.884549518759467190e+00
7.383853035375804730e+00
7.285609444845728255e+00
7.770360389580849514e+00
7.927290810998778525e+00
7.825782537532748329e+00
9.046144743031382163e+00
8.933652333966893622e+00
8.440984976064077827e+00
8.040928712202576989e+00
6.984620117055287736e+00
6.302103081389407890e+00
7.178281207127136021e+00
8.958337971480171191e+00
1.184372497890071152e+01
9.062376691272884699e+00
8.097853941745661643e+00
7.516117779183231207e+00
6.871299706284900388e+00
7.340071896587147648e+00
9.882452228448419973e+00
9.279213216407153908e+00
6.915723125680138139e+00
8.048938058065809642e+00
7.867531097709029808e+00
8.126207380370889410e+00
8.725925159720741675e+00
8.757041489366963916e+00
7.290280016939317598e+00
6.528385005255069373e+00
8.819870106564632550e+00
8.853879559457181969e+00
1.006030906045480755e+01
1.074504645114501500e+01
1.187015708943637549e+01
8.697639869593746909e+00
6.002863339417266353e+00
6.701007958480037274e+00
7.597605586594082361e+00
5.724427041944579742e+00
6.884417170707099132e+00
7.985004421770538485e+00
9.354486754571198048e+00
8.785718448222636923e+00
9.618152702166495871e+00
9.568051429722572720e+00
1.122207293350813373e+01
1.000632096728642750e+01
6.701039307703279491e+00
6.802038542601275495e+00
6.111328184820590259e+00
7.163445933780095309e+00
6.326726140568465162e+00
1.074802367188244467e+01
1.204058891209759352e+01
1.144198159456819042e+01
9.833388662160285065e+00
8.720432668679265475e+00
8.391514342563199946e+00
7.377446345904018266e+00
8.593621135449417636e+00
1.273184646633092854e+01
1.019098864432042184e+01
9.773165121962907875e+00
1.015527712321515708e+01
9.439111395114300862e+00
8.332371069171259137e+00
9.455420885933008890e+00
8.257197614139895947e+00
8.133732372361398788e+00
8.022136532786831253e+00
8.540393967453647761e+00
9.910906340274808102e+00
8.757874739282810239e+00
6.867868024334179644e+00
8.055803415170691650e+00
8.318842544580286713e+00
1.058889198835334078e+01
1.078748309425649410e+01
1.040472695619610199e+01
7.909397576957452713e+00
7.932809598525465411e+00
6.140130645192963144e+00
8.579317687409561799e+00
9.219816120877844412e+00
1.061027409156389467e+01
9.329915918617174952e+00
1.157862796594655030e+01
9.714079503227413426e+00
9.372238769907802691e+00
1.074353817492293217e+01
1.196268199375273689e+01
1.232753854169796881e+01
1.232753854169771834e+01
1.196268199375273689e+01
1.074353817492281138e+01
9.372238769907802691e+00
9.714079503227413426e+00
1.157862796594637445e+01
9.329915918617174952e+00
1.061027409156389467e+01
9.219816120877846188e+00
8.579317687409561799e+00
6.140130645192963144e+00
7.932809598525676797e+00
7.909397576957452713e+00
1.040472695619610199e+01
1.078748309425648522e+01
1.058889198835334078e+01
8.318842544580331122e+00
8.055803415170691650e+00
6.867868024334179644e+00
8.757874739282861754e+00
9.910906340274808102e+00
8.540393967453647761e+00
8.022136532786927177e+00
8.133732372361398788e+00
8.257197614139895947e+00
9.455420885933286002e+00
8.332371069171259137e+00
9.439111395114300862e+00
1.015527712321515708e+01
9.773165121962907875e+00
1.019098864432045914e+01
1.273184646633091432e+01
8.593621135449417636e+00
7.377446345904063563e+00
8.391514342563153761e+00
8.720432668679265475e+00
9.833388662160398752e+00
1.144198159456817621e+01
1.204058891209759352e+01
1.074802367188235408e+01
6.326726140568414536e+00
7.163445933780095309e+00
6.111328184820572496e+00
6.802038542601275495e+00
6.701039307703371861e+00
1.000632096728650211e+01
1.122207293350813373e+01
9.568051429722697065e+00
9.618152702166398171e+00
8.785718448222636923e+00
9.354486754571210483e+00
7.985004421770457661e+00
6.884417170707099132e+00
5.724427041944527339e+00
7.597605586594167626e+00
6.701007958480037274e+00
6.002863339417242372e+00
8.697639869593746909e+00
1.187015708943637549e+01
1.074504645114496704e+01
1.006030906045480755e+01
8.853879559457089599e+00
8.819870106564577483e+00
6.528385005255069373e+00
7.290280016939440166e+00
8.757041489366937270e+00
8.725925159720741675e+00
8.126207380370821909e+00
7.867531097709083099e+00
8.048938058065809642e+00
6.915723125680135475e+00
9.279213216407262266e+00
9.882452228448419973e+00
7.340071896587129885e+00
6.871299706284900388e+00
7.516117779183315584e+00
8.097853941745656314e+00
9.062376691272884699e+00
1.184372497890064402e+01
8.958337971480107242e+00
7.178281207127136021e+00
6.302103081389370587e+00
6.984620117055345467e+00
8.040928712202576989e+00
8.440984976064132894e+00
8.933652333966925596e+00
9.046144743031382163e+00
7.825782537532763428e+00
7.927290810998778525e+00
7.770360389580925009e+00
7.285609444845666971e+00
7.383853035375804730e+00
8.884549518759698117e+00
1.153466485990431245e+01
9.188287696441927110e+00
7.462571857306095069e+00
7.698238269296670211e+00
8.462273050177495648e+00
7.554884133822326042e+00
8.688870528520329373e+00
9.200659677249930724e+00
1.157215507943073085e+01
1.162951738508838595e+01
9.900650796141441390e+00
1.149684669441742280e+01
1.043376083409390986e+01
9.151515113445560345e+00
8.876686163080840686e+00
9.363331086211649890e+00
1.168413030119986118e+01
1.015491783947576288e+01
9.848222464347585969e+00
8.456843418846176519e+00
1.143578375995140739e+01
1.132838673510666894e+01
1.135880726994088441e+01
1.058717191926744050e+01
1.015993992327869400e+01
9.375562219196805103e+00
9.632456530280398610e+00
1.171211387350334476e+01
1.242282970531596042e+01
1.488754021417717155e+01
1.103761251396868381e+01
1.058162192809228408e+01
9.661723818968285471e+00
9.620027381766201202e+00
9.882896552995003248e+00
1.017820483345826865e+01
8.145129851150265665e+00
9.364659116425718466e+00
1.229696545970133847e+01
1.042186542570028074e+01
1.237596292397813080e+01
1.210305353331212252e+01
8.782253797282260521e+00
1.002584232931621600e+01
1.011548931481457281e+01
1.077599180835351333e+01
1.089661605058146243e+01
9.534258022827513557e+00
9.706719805626093489e+00
1.131576390417773226e+01
9.498993336667709286e+00
7.960955641985190567e+00
9.371065785713394547e+00
1.003723208619997465e+01
1.057455772632657443e+01
1.231285852249901325e+01
1.084970854769029813e+01
1.225546066031914982e+01
1.126169440783636944e+01
1.001573096643127059e+01
9.734183579717587520e+00
9.116870977067151216e+00
9.824082565672307865e+00
1.113669143696661479e+01
1.154735863062605006e+01
1.029930744292691713e+01
7.625704009622255697e+00
7.563562700917790593e+00
1.097924935320463113e+01
1.062063243656107048e+01
1.004884121940514596e+01
1.241281482018639082e+01
1.389130688049476703e+01
9.862729891651296654e+00
7.927870028908537314e+00
7.695382562751531097e+00
8.070387323561396542e+00
1.061314492614565630e+01
1.099427691153594822e+01
8.383080358375055496e+00
9.114764690668476277e+00
7.873921300342053620e+00
6.088603940365374001e+00
6.863065384280369052e+00
8.785954019646682767e+00
9.140020144298434346e+00
8.399063044674139888e+00
8.995101533677688721e+00
8.181777501753167314e+00
6.684978061404653893e+00
5.568605643754309220e+00
5.586404060629278412e+00
5.362063080603804544e+00
4.967215790550969956e+00
5.143199858688302761e+00
5.546668396433144466e+00
8.681424598551688021e+00
6.604008494510408056e+00
3.794607490175378128e+00
2.798349811386993125e+00
2.587309823463021630e+00
9.511156613613082067e-01
6.300827933213465348e-01
9.767281087263048889e-01
4.335955663342166977e-01
2.718080281636914286e-01
2.136168518302036246e-01
1.805250412181759745e-01
1.579097079280119831e-01
1.410152125768009135e-01
1.277255786813246141e-01
1.169098555082286744e-01
1.078898810499747118e-01
1.002263416139106827e-01
9.361852708709164639e-02
8.785191745742826352e-02
8.276846139106723566e-02
7.824864419893280687e-02
7.420012797863385912e-02
7.055026634865932400e-02
6.724100951481674915e-02
6.422534042282268540e-02
6.146472310914031373e-02
5.892723852521799394e-02
5.658619832396424854e-02
5.441909781346461472e-02
5.240681397867710117e-02
5.053298345670413638e-02
4.878351457955198284e-02
4.714620061513032784e-02
4.561041031078821861e-02
4.416683813231677552e-02
4.280730106469949475e-02
4.152457206664052214e-02
4.031224262629834465e-02
3.916460860549209055e-02
3.807657485857602470e-02
3.704357509158635181e-02
3.606150417259941510e-02
3.512666067634436645e-02
3.423569788880338749e-02
3.338558184269277418e-02
3.257355522574995055e-02
3.179710621801055959e-02
3.105394148471657748e-02
3.034196268791932230e-02
2.965924598964480088e-02
2.900402410834991562e-02
2.837467056267722540e-02
2.776968579559229225e-02
2.718768492050362487e-02
2.662738687098153631e-02
2.608760476883578705e-02
2.556723735288197324e-02
2.506526133374148771e-02
2.458072455930761235e-02
2.411273989173228979e-02
