(1,18)
(7,21)
(20,30)
(1,27)
(19,9)
(4,15)
(1,14)
(22,7)
(29,15)
(3,17)
(12,14)
(11,11)
(19,17)
(11,29)
(5,1)
(23,6)
(20,29)
(2,2)
(12,3)
(5,15)
(5,5)
(25,29)
(4,1)
(10,5)
(21,16)
(24,7)
(22,12)
(4,29)
(6,15)
(1,25)
(15,14)
(13,18)
(18,19)
(0,23)
(27,28)
(31,0)
(0,25)
(31,20)
(14,13)
(0,4)
(1,7)
(16,13)
(11,15)
(6,17)
(25,4)
(6,18)
(9,11)
(28,8)
(21,26)
(19,18)
(13,20)
(9,24)
(20,24)
(19,7)
(17,4)
(13,31)
(3,2)
(13,15)
(14,5)
(13,19)
(2,6)
(21,18)
(28,9)
(12,21)
(9,5)
(23,29)
(31,30)
(31,7)
(12,20)
(6,21)
(7,12)
(3,11)
(7,19)
(11,14)
(25,21)
(28,24)
(11,3)
(17,31)
(9,6)
(0,7)
(0,27)
(13,8)
(9,9)
(31,23)
(6,26)
(13,9)
(29,6)
(16,29)
(15,25)
(26,23)
(31,15)
(28,4)
(15,16)
(26,14)
(31,19)
(13,2)
(0,11)
(15,12)
(6,28)
(16,9)
(27,1)
(15,24)
(11,19)
(21,2)
(2,1)
(18,3)
(5,6)
(5,10)
(28,28)
(12,19)
(14,3)
(20,0)
(19,15)
(23,23)
(8,11)
(10,26)
(4,0)
(24,11)
(21,23)
(6,31)
(8,9)
(22,17)
(1,0)
(7,26)
(26,20)
(30,23)
(19,25)
(22,21)
(16,1)
(21,27)
(2,11)
(28,2)
(0,18)
(10,27)
(4,19)
(30,7)
(21,0)
(18,8)
(5,8)
(9,0)
(15,3)
(31,17)
(21,15)
(4,18)
(25,20)
(17,0)
(1,28)
(3,16)
(7,14)
(22,26)
(26,10)
(26,29)
(4,6)
(5,24)
(17,16)
(5,29)
(22,20)
(29,7)
(9,18)
(12,15)
(17,17)
(2,3)
(13,26)
(9,22)
(29,3)
(2,29)
(23,15)
(20,5)
(5,0)
(23,7)
(15,9)
(2,8)
(7,0)
(30,13)
(11,12)
(19,6)
(0,17)
(20,2)
(1,3)
(30,3)
(30,8)
(5,25)
(31,10)
(14,27)
(0,13)
(7,5)
(0,12)
(16,21)
(6,4)
(3,26)
(10,4)
(29,29)
(30,10)
(7,2)
(31,8)
(20,6)
(9,19)
(7,4)
(0,6)
(4,21)
(27,29)
(5,3)
(9,29)
(26,5)
(0,14)
(14,6)
(24,2)
(31,18)
(3,28)
(18,0)
(13,12)
(3,19)
(25,30)
(24,1)
(29,23)
(20,18)
(24,29)
(31,9)
(11,22)
(6,0)
(27,19)
(16,23)
(20,17)
(25,9)
(21,30)
(7,15)
(28,16)
(14,10)
(23,26)
(23,31)
(15,29)
(14,8)
(23,24)
(18,31)
(22,28)
(31,21)
(12,22)
(28,6)
(21,1)
(1,4)
(31,16)
(8,13)
(28,25)
(28,5)
(11,9)
(29,4)
(1,8)
(22,5)
(12,7)
(10,2)
(5,26)
(24,23)
(30,9)
(18,4)
(18,24)
(19,8)
(10,31)
(24,10)
(1,19)
(7,7)
(21,21)
(10,7)
(23,1)
(29,24)
(14,31)
(28,10)
(17,27)
(19,29)
(8,26)
(13,27)
(5,14)
(17,9)
(19,22)
(18,21)
(7,28)
(26,13)
(1,13)
(25,28)
(6,24)
(22,29)
(10,11)
(18,5)
(27,6)
(26,2)
(9,16)
(2,15)
(14,0)
(19,12)
(0,19)
(29,26)
(11,8)
(23,21)
(9,30)
(9,20)
(5,31)
(30,22)
(24,20)
(9,17)
(23,22)
(21,13)
(4,2)
(24,5)
(3,30)
(31,2)
(13,0)
(7,20)
(18,22)
(29,1)
(27,2)
(22,3)
(24,16)
(12,12)
(12,26)
(26,21)
(23,3)
(21,4)
(23,2)
(4,30)
(26,4)
(5,28)
(11,16)
(14,2)
(25,19)
(19,28)
(12,27)
(1,9)
(0,1)
(15,13)
(7,17)
(12,25)
(17,29)
(28,0)
(30,26)
(2,12)
(9,8)
(23,17)
(14,7)
(16,22)
(25,8)
(5,7)
(26,26)
(18,18)
(1,2)
(1,11)
(0,3)
(27,31)
(25,24)
(8,5)
(25,0)
(25,7)
(22,13)
(4,31)
(11,10)
(5,12)
(17,10)
(2,21)
(25,11)
(30,17)
(18,1)
(21,28)
(29,20)
(18,20)
(2,22)
(23,9)
(25,2)
(31,25)
(6,16)
(20,22)
(5,16)
(19,10)
(11,4)
(1,6)
(10,23)
(11,28)
(5,17)
(10,0)
(30,28)
(28,3)
(27,12)
(15,7)
(30,6)
(23,27)
(30,4)
(17,18)
(1,21)
(27,23)
(14,23)
(19,5)
(17,12)
(17,7)
(0,20)
(10,22)
(10,18)
(28,11)
(3,3)
(11,26)
(22,10)
(10,24)
(3,21)
(14,16)
(22,2)
(0,28)
(11,5)
(27,13)
(3,24)
(4,25)
(6,3)
(9,14)
(10,25)
(7,25)
(8,15)
(23,18)
(30,11)
(3,10)
(22,30)
(0,8)
(26,30)
(27,4)
(27,17)
(14,30)
(13,5)
(23,11)
(14,28)
(9,13)
(9,15)
(23,28)
(16,17)
(27,9)
(7,11)
(7,16)
(25,22)
(14,11)
(4,7)
(0,9)
(5,18)
(1,24)
(31,6)
(31,24)
(7,30)
(26,15)
(20,27)
(28,27)
(14,19)
(26,0)
(30,5)
(17,20)
(16,20)
(12,4)
(27,5)
(17,30)
(15,17)
(27,24)
(26,7)
(9,27)
(1,1)
(13,29)
(13,22)
(2,23)
(17,22)
(22,25)
(9,2)
(14,21)
(11,24)
(11,31)
(11,1)
(5,19)
(21,11)
(5,22)
(10,19)
(5,11)
(22,16)
(18,14)
(16,14)
(26,31)
(12,31)
(2,31)
(17,11)
(12,30)
(19,16)
(28,14)
(13,6)
(23,12)
(0,10)
(11,20)
(8,27)
(9,25)
(31,31)
(19,13)
(20,10)
(10,21)
(1,20)
(23,8)
(10,29)
(20,7)
(3,23)
(22,15)
(5,30)
(29,13)
(19,27)
(29,10)
