-4.0 5.477352351794591e-06 1.2414637427996812e-09
-3.991991991991992 5.532087185696202e-06 1.281600106965758e-09
-3.983983983983984 5.587771793187244e-06 1.3233284019914679e-09
-3.975975975975976 5.644430406527827e-06 1.3667247880829354e-09
-3.967967967967968 5.702088090069869e-06 1.4118697551072076e-09
-3.95995995995996 5.760770776682793e-06 1.458848411693808e-09
-3.951951951951952 5.820505306138752e-06 1.5077507958040026e-09
-3.943943943943944 5.881319465583435e-06 1.5586722103944323e-09
-3.935935935935936 5.943242032228139e-06 1.6117135849674035e-09
-3.9279279279279278 6.00630281840917e-06 1.666981866428927e-09
-3.91991991991992 6.070532719171812e-06 1.7245904410690681e-09
-3.911911911911912 6.1359637625484435e-06 1.7846595912430754e-09
-3.903903903903904 6.20262916271376e-06 1.8473169898217705e-09
-3.895895895895896 6.270563376214631e-06 1.912698235565705e-09
-3.8878878878878878 6.339802161488127e-06 1.980947434410568e-09
-3.87987987987988 6.410382641898691e-06 2.0522178292096684e-09
-3.871871871871872 6.482343372544432e-06 2.1266724855779787e-09
-3.863863863863864 6.555724411103662e-06 2.2044850362072933e-09
-3.855855855855856 6.630567393015472e-06 2.285840492448667e-09
-3.8478478478478477 6.7069156113137445e-06 2.3709361280531705e-09
-3.83983983983984 6.784814101461318e-06 2.459982443093132e-09
-3.831831831831832 6.86430973156183e-06 2.5532042184652446e-09
-3.823823823823824 6.945451298360584e-06 2.650841666027107e-09
-3.815815815815816 7.028289629482346e-06 2.7531516903560645e-09
-3.8078078078078077 7.112877692395876e-06 2.8604092698264053e-09
-3.7997997997998 7.199270710639683e-06 2.972908973411456e-09
-3.7917917917917916 7.287526287894448e-06 3.0909666269548547e-09
-3.7837837837837838 7.37770454054331e-06 3.214921145482572e-09
-3.775775775775776 7.469868239423092e-06 3.3451365540363656e-09
-3.7677677677677677 7.5640829615393114e-06 3.48200421587773e-09
-3.75975975975976 7.660417252594602e-06 3.6259452946620646e-09
-3.7517517517517516 7.758942801266466e-06 3.7774134801703135e-09
-3.7437437437437437 7.859734626266927e-06 3.936898008452428e-09
-3.735735735735736 7.962871277324593e-06 4.104927015917594e-09
-3.7277277277277276 8.068435051351225e-06 4.282071268896726e-09
-3.71971971971972 8.17651222519142e-06 4.468948319546099e-09
-3.7117117117117115 8.287193306508462e-06 4.66622714345184e-09
-3.7037037037037037 8.400573304532775e-06 4.874633327468602e-09
-3.6956956956956954 8.516752022597363e-06 5.094954882184137e-09
-3.6876876876876876 8.635834374607481e-06 5.328048769586029e-09
-3.67967967967968 8.757930727847004e-06 5.574848248414284e-09
-3.6716716716716715 8.883157274813322e-06 5.836371160705743e-09
-3.6636636636636637 9.01163643710495e-06 6.113729300065818e-09
-3.6556556556556554 9.143497304765986e-06 6.408139032399404e-09
-3.6476476476476476 9.278876114928987e-06 6.720933364940265e-09
-3.6396396396396398 9.417916774101783e-06 7.053575702164099e-09
-3.6316316316316315 9.560771429027166e-06 7.4076755686460895e-09
-3.6236236236236237 9.707601091721116e-06 7.785006635717394e-09
-3.6156156156156154 9.858576325084096e-06 8.187527456006123e-09
-3.6076076076076076 1.0013877996400537e-05 8.61740539629563e-09
-3.5995995995995997 1.0173698107124845e-05 9.0770443600086e-09
-3.5915915915915915 1.0338240708625509e-05 9.569117025456054e-09
-3.5835835835835836 1.0507722915069435e-05 1.0096602486544142e-08
-3.5755755755755754 1.068237602642236e-05 1.0662830395478604e-08
-3.5675675675675675 1.0862446776688201e-05 1.1271532967613126e-08
-3.5595595595595597 1.1048198725088177e-05 1.1926906555619771e-08
-3.5515515515515514 1.1239913810999694e-05 1.2633684937687875e-08
-3.5435435435435436 1.1437894097266956e-05 1.3397227046258726e-08
-3.5355355355355353 1.1642463731142499e-05 1.4223622621588771e-08
-3.5275275275275275 1.1853971157848787e-05 1.511982029017135e-08
-3.5195195195195197 1.2072791628878163e-05 1.6093783926124277e-08
-3.5115115115115114 1.2299330056087948e-05 1.7154685002251254e-08
-3.5035035035035036 1.2534024273966384e-05 1.8313141175150778e-08
-3.4954954954954953 1.2777348786922717e-05 1.95815148758132e-08
-3.4874874874874875 1.3029819097180468e-05 2.0974290647297046e-08
-3.4794794794794797 1.3291996733377148e-05 2.2508557068020952e-08
-3.4714714714714714 1.356449513252433e-05 2.4204629387871076e-08
-3.4634634634634636 1.3847986571841414e-05 2.6086864159537978e-08
-3.4554554554554553 1.4143210407052463e-05 2.8184739856727577e-08
-3.4474474474474475 1.4450982957541416e-05 3.0534312132487984e-08
-3.4394394394394396 1.4772209498060908e-05 3.3180206338413356e-08
-3.4314314314314314 1.5107898990368189e-05 3.617839577279167e-08
-3.4234234234234235 1.545918244739464e-05 3.960015389788116e-08
-3.4154154154154153 1.5827336220371805e-05 4.353780215415716e-08
-3.4074074074074074 1.621381212898285e-05 4.8113275590965326e-08
-3.3993993993993996 1.6620277386165242e-05 5.349123719874834e-08
-3.3913913913913913 1.7048669025695178e-05 5.989976797369992e-08
-3.3833833833833835 1.7501270664116903e-05 6.766411990998392e-08
-3.3753753753753752 1.7980825261294476e-05 7.726388733261152e-08
-3.3673673673673674 1.849070905960451e-05 8.943405378199798e-08
-3.3593593593593596 1.9035216120386452e-05 1.0535252047383512e-07
-3.3513513513513513 1.962005784446731e-05 1.2700856380762244e-07
-3.3433433433433435 2.0253318054965327e-05 1.5797805957085258e-07
-3.335335335335335 2.0947479974219357e-05 2.05199273291148e-07
-3.3273273273273274 2.1724327984637622e-05 2.835156858370691e-07
-3.3193193193193196 2.2629000169762814e-05 4.2919795840728373e-07
-3.3113113113113113 2.3781083286842377e-05 7.502157747222231e-07
-3.3033033033033035 2.5644761333024846e-05 1.6950389776013005e-06
-3.295295295295295 3.2089220858768154e-05 7.110779181898224e-06
-3.2872872872872874 0.0027144500020859297 0.0026883010803039342
-3.2792792792792795 3.33955175538733e-05 5.8909978891742265e-06
-3.2712712712712713 3.077188096328157e-05 1.6992033250905885e-06
-3.263263263263263 3.24011598229207e-05 1.566994061940075e-06
-3.255255255255255 3.7283725628077836e-05 4.04031990355533e-06
-3.2472472472472473 0.0001088686136271063 7.051966363301495e-05
-3.2392392392392395 0.00010516868428493302 5.414182729091462e-05
-3.2312312312312312 7.553086090772018e-05 2.240880880004467e-05
-3.223223223223223 0.00010370352337116423 4.77726433815142e-05
-3.215215215215215 0.0006622202374919685 0.0005809548462919347
-3.2072072072072073 0.0003474616700733994 0.0001395386840474271
-3.1991991991991995 0.00022605076643107924 5.957133080923974e-05
-3.191191191191191 0.005954560193585501 0.0041536638115422225
-3.183183183183183 0.0018302996781534783 0.0011622050415436866
-3.175175175175175 0.00020142394476249352 5.019097714431534e-05
-3.1671671671671673 0.01927187339751151 0.017145652939171693
-3.159159159159159 0.014727504898662704 0.01302374407592115
-3.151151151151151 0.02256333818406225 0.021368013532454974
-3.143143143143143 0.0033907205649211947 0.0023843406422349406
-3.135135135135135 0.01570417531974407 0.01392731799243024
-3.1271271271271273 0.0036839700437363222 0.0013817161742502536
-3.119119119119119 0.003890821949205372 0.002310479435594153
-3.111111111111111 0.02306281585541067 0.012080438378591497
-3.103103103103103 0.027938493948326103 0.016141493544347445
-3.095095095095095 0.01740881857878039 0.011352385164801991
-3.0870870870870872 0.0027248531259031795 0.0011362929171276517
-3.079079079079079 0.022302612805028352 0.013993675364896187
-3.071071071071071 0.0247136371164311 0.008229091935569616
-3.063063063063063 0.08926841024230481 0.04005834241152196
-3.055055055055055 0.04040217827454733 0.0311755890721408
-3.047047047047047 0.08953378188230854 0.05091768577918844
-3.039039039039039 0.02101739879186376 0.00997788852761385
-3.031031031031031 0.006962965344946821 0.0021925990435224477
-3.023023023023023 0.09052832691135732 0.05070642962473361
-3.015015015015015 0.09204672128203989 0.03410144361728046
-3.007007007007007 0.12855948670959114 0.044629103497271096
-2.998998998998999 0.14122109623987822 0.04719534818034368
-2.990990990990991 0.048521129203288035 0.012899329761561065
-2.982982982982983 0.1316371928166645 0.05382992431952783
-2.974974974974975 0.061798795606914335 0.020746400922018488
-2.966966966966967 0.05329207144850611 0.016785154776390934
-2.958958958958959 0.04725075095993714 0.028232262623201995
-2.950950950950951 0.08849121070001659 0.03762711990355595
-2.942942942942943 0.08200772084576083 0.02917213136542705
-2.934934934934935 0.1264303354367437 0.04570192114223344
-2.926926926926927 0.13539282494848096 0.052496185173583246
-2.918918918918919 0.18492788244309635 0.05154690935144716
-2.910910910910911 0.07952033139234067 0.029100931621235553
-2.9029029029029028 0.24717655878314868 0.0657039633448966
-2.894894894894895 0.2473756739723582 0.08144565693861497
-2.886886886886887 0.2223304940141793 0.07567169872034725
-2.878878878878879 0.23606064644096955 0.0779134637969787
-2.8708708708708706 0.2025898843376275 0.06669865921574458
-2.8628628628628627 0.09028362532700039 0.04487981979023787
-2.854854854854855 0.03883331207438441 0.011408174457821262
-2.846846846846847 0.1394460581874452 0.042015372156937
-2.838838838838839 0.21315484210549498 0.06961390685189929
-2.8308308308308305 0.1747562339021721 0.060526523981983035
-2.8228228228228227 0.2342685134718523 0.0577473025938052
-2.814814814814815 0.313244401699445 0.0884416061457535
-2.806806806806807 0.35215359887804015 0.08450411594657485
-2.798798798798799 0.1514411818209083 0.05180592261499393
-2.7907907907907905 0.1635752414565646 0.04811628244943181
-2.7827827827827827 0.35454736101869855 0.08967190430081447
-2.774774774774775 0.20195105320608264 0.06533338553327193
-2.766766766766767 0.4121014577698382 0.1009620634904601
-2.7587587587587588 0.18366550326523745 0.04818938442820195
-2.7507507507507505 0.22278709607434227 0.06135660653133465
-2.7427427427427427 0.42547494703964456 0.10538409858735187
-2.734734734734735 0.16971858886574834 0.056195062768094876
-2.726726726726727 0.3232448006672081 0.09070179153506965
-2.7187187187187187 0.3611017464602543 0.09503390854757911
-2.7107107107107105 0.29459133169005064 0.06469998172412555
-2.7027027027027026 0.17508070969410622 0.05449103472743083
-2.694694694694695 0.3278654217474291 0.09326439182017296
-2.686686686686687 0.25631319989207485 0.07886018338395422
-2.6786786786786787 0.11902807356817977 0.03553155060332758
-2.6706706706706704 0.2021454065531227 0.06254176903758295
-2.6626626626626626 0.3345431864465981 0.08569586056297795
-2.6546546546546548 0.26609115924958143 0.07514793476703584
-2.646646646646647 0.181479080164978 0.05049223830319919
-2.6386386386386387 0.2341009016199 0.07422128372539379
-2.6306306306306304 0.14205098443524503 0.04981499399494523
-2.6226226226226226 0.2044857227570066 0.04743608535125296
-2.6146146146146148 0.3735584381917942 0.09552524738806137
-2.606606606606607 0.2564331542253848 0.08353049019981398
-2.5985985985985987 0.24412230054164785 0.07490088283042826
-2.5905905905905904 0.20748668881342489 0.06903588771140295
-2.5825825825825826 0.2518045721824954 0.07121532360671774
-2.5745745745745747 0.1606421847064479 0.05613203593920821
-2.566566566566567 0.18928343737930575 0.05227982432112037
-2.5585585585585586 0.1877161247602999 0.05821818626160839
-2.5505505505505504 0.23961664784896589 0.06684703759075401
-2.5425425425425425 0.20175175521441835 0.0632703258845132
-2.5345345345345347 0.21077265079004834 0.06630979497314349
-2.5265265265265264 0.23939219969402795 0.06556287164298577
-2.5185185185185186 0.18561389515957946 0.06209398229822448
-2.5105105105105103 0.16834547645487885 0.03271886745642192
-2.5025025025025025 0.3510473202701906 0.08851722361147654
-2.4944944944944947 0.33605475379588495 0.08731439220348948
-2.4864864864864864 0.30033269670857193 0.07686107574713258
-2.4784784784784786 0.23578893260668585 0.06890705640963546
-2.4704704704704703 0.4548625706080534 0.10759441542499902
-2.4624624624624625 0.20200655657740385 0.058521321555019545
-2.4544544544544546 0.2462422872072882 0.06004353006473184
-2.4464464464464464 0.14082128594017246 0.03738579875534496
-2.4384384384384385 0.18030660499094286 0.05712900671540743
-2.4304304304304303 0.18709669035923313 0.058307308742169536
-2.4224224224224224 0.32614788854992105 0.09010324501074972
-2.4144144144144146 0.27618122962166053 0.07612631391681406
-2.4064064064064064 0.2855875258976862 0.07245554489009211
-2.3983983983983985 0.12460727029631757 0.029448369146705847
-2.3903903903903903 0.1492662740546462 0.043816671917884346
-2.3823823823823824 0.24347136243117565 0.055131194158613936
-2.3743743743743746 0.3151328590303722 0.08364693851049533
-2.3663663663663663 0.258171071336161 0.07224912637117614
-2.358358358358358 0.13407995039975346 0.037958583881975955
-2.3503503503503502 0.5579539346510451 0.11758446111498932
-2.3423423423423424 0.2319691372546235 0.07408494612177662
-2.3343343343343346 0.4006322858182097 0.09393187556293665
-2.3263263263263263 0.26229262303035944 0.06500073678903157
-2.318318318318318 0.25934367961160315 0.06761619921859414
-2.31031031031031 0.4302230009537584 0.10964508738149707
-2.3023023023023024 0.12172025592524967 0.030639295873289396
-2.2942942942942945 0.20883417257395387 0.06259536913804536
-2.2862862862862863 0.21754142106358448 0.061533924110015126
-2.278278278278278 0.3498145039489402 0.08495960620438052
-2.27027027027027 0.1668837304471916 0.05652382012275584
-2.2622622622622623 0.37523278628899 0.0947311038303377
-2.2542542542542545 0.23559705146124063 0.064078527274288
-2.2462462462462462 0.08488331878245373 0.017047110805930844
-2.238238238238238 0.3115204794513849 0.08291444651595473
-2.23023023023023 0.5253330605913841 0.11064043603344888
-2.2222222222222223 0.3127070719407994 0.08239376413451213
-2.2142142142142145 0.17300165042615281 0.05979025229598728
-2.206206206206206 0.2585700842816903 0.07630898411315264
-2.198198198198198 0.27552876038545354 0.0759587477035665
-2.19019019019019 0.28699907493720656 0.08261219374343685
-2.1821821821821823 0.3018620237244616 0.08059760458732038
-2.1741741741741745 0.23286149882936585 0.06296874824101047
-2.166166166166166 0.3618223002333346 0.08538121717628978
-2.158158158158158 0.2109722034459866 0.053480084331522716
-2.15015015015015 0.19124947607335738 0.05860951678545302
-2.1421421421421423 0.17756980790211 0.050603319837331115
-2.1341341341341344 0.20531950178740313 0.05597961183280988
-2.126126126126126 0.25300846972903845 0.06440354098381786
-2.118118118118118 0.19490896644689362 0.04729713647176328
-2.11011011011011 0.27195056518773636 0.07188397993999296
-2.1021021021021022 0.29735251427203624 0.08171848194596025
-2.0940940940940944 0.17999935466119701 0.061857321105204706
-2.086086086086086 0.2512424247178133 0.07415753810220618
-2.078078078078078 0.3998262587346543 0.09549880398775656
-2.07007007007007 0.31580550985777095 0.07617735791163649
-2.062062062062062 0.2851053743934123 0.07687535877831661
-2.0540540540540544 0.292182606512044 0.0797163354022831
-2.046046046046046 0.3151704748813903 0.08354685424887572
-2.038038038038038 0.26465332144886355 0.07211552374180237
-2.03003003003003 0.44999558995568456 0.09871573949696473
-2.022022022022022 0.311222436751307 0.07354264994660685
-2.014014014014014 0.3334579547434716 0.09066061278519656
-2.006006006006006 0.2853921384565294 0.07651821095064386
-1.9979979979979978 0.4446809580554569 0.10839461624356267
-1.98998998998999 0.3660124158461496 0.08503845381629196
-1.9819819819819822 0.22618195659724957 0.054917541033972186
-1.973973973973974 0.37602968054520547 0.08444370394270546
-1.965965965965966 0.29931405957872875 0.07475621270869967
-1.9579579579579578 0.36816893254197236 0.08887938901618733
-1.94994994994995 0.20685531262089624 0.05660871782708113
-1.9419419419419421 0.26017146397363006 0.07692849712919853
-1.9339339339339339 0.23179238921379589 0.05864157369414192
-1.925925925925926 0.3774863772706327 0.09549146648442068
-1.9179179179179178 0.10536826822276597 0.02900161776136747
-1.90990990990991 0.33158172197888564 0.08987251911274936
-1.9019019019019021 0.13732988891221368 0.03336681646641758
-1.8938938938938938 0.3729856263496752 0.08449581866527059
-1.885885885885886 0.22500145240908234 0.06358336769819811
-1.8778778778778777 0.22085585317341477 0.057377074008473875
-1.86986986986987 0.21352221137832875 0.06827114764407842
-1.861861861861862 0.18993857569866193 0.05832694841827118
-1.8538538538538538 0.18641712377366085 0.05648542697531457
-1.845845845845846 0.32300130861512844 0.07928777932215855
-1.8378378378378377 0.3570798892051031 0.08742317615101876
-1.82982982982983 0.2927734124485636 0.08267476569581934
-1.821821821821822 0.15928634328218388 0.04222566185957174
-1.8138138138138138 0.10430116458602659 0.024616507237867603
-1.805805805805806 0.2410997260848334 0.07054084719331438
-1.7977977977977977 0.290108441672927 0.08750956210976607
-1.7897897897897899 0.11750413124997382 0.03662691033908038
-1.7817817817817816 0.43440574373930985 0.10816501583544866
-1.7737737737737738 0.2708923271871121 0.08068133727682404
-1.765765765765766 0.25519275377914796 0.07246632281316955
-1.7577577577577577 0.2126158665010186 0.06712324260023968
-1.7497497497497498 0.2245087958268987 0.06624633919242791
-1.7417417417417416 0.09086366779184901 0.026939840657384764
-1.7337337337337337 0.05927285099699325 0.011988151818999251
-1.725725725725726 0.29641107902739333 0.08924750113645641
-1.7177177177177176 0.2198939166519305 0.07098294927168118
-1.7097097097097098 0.15844793091424944 0.05279456763931363
-1.7017017017017015 0.26106207608634635 0.07532006059937077
-1.6936936936936937 0.11110069641880166 0.03714834370170025
-1.6856856856856859 0.2698405573074986 0.07823732337171248
-1.6776776776776776 0.13070727284698758 0.03592080656496141
-1.6696696696696698 0.18151692952799545 0.05045941129557305
-1.6616616616616615 0.18583919930291376 0.06694246875533509
-1.6536536536536537 0.1633325982320095 0.04447061751324072
-1.6456456456456459 0.23972848877650924 0.06813532858136818
-1.6376376376376376 0.08214972718786254 0.03737788835653236
-1.6296296296296298 0.2262770701900205 0.06804669334087103
-1.6216216216216215 0.2742098869640748 0.08212345398957202
-1.6136136136136137 0.11694600086628498 0.03281515351539855
-1.6056056056056058 0.2304985813102659 0.07328490010253699
-1.5975975975975976 0.1824672280696541 0.05752581341014416
-1.5895895895895897 0.145300892200584 0.046333722026251266
-1.5815815815815815 0.23082615340949383 0.07058019851024387
-1.5735735735735736 0.2468545316646924 0.07498958075658005
-1.5655655655655654 0.15550629162040389 0.043906651900067956
-1.5575575575575575 0.21053652679376123 0.05967588302359276
-1.5495495495495497 0.13878739183808117 0.04593435283155139
-1.5415415415415414 0.19821899364310025 0.06321368676047226
-1.5335335335335336 0.12471860861485817 0.050378131090114533
-1.5255255255255253 0.27334633904071987 0.0787391058078107
-1.5175175175175175 0.15062367778072003 0.05791166860094278
-1.5095095095095097 0.14051777132839527 0.049621502443285594
-1.5015015015015014 0.1641085989185741 0.05894524118377499
-1.4934934934934936 0.14929438926601696 0.04697070561169884
-1.4854854854854853 0.33242726451941257 0.09644124874060162
-1.4774774774774775 0.16577017009492584 0.05370630224507835
-1.4694694694694697 0.23615637268818634 0.07632916412567296
-1.4614614614614614 0.2449002271246785 0.08439866435750079
-1.4534534534534536 0.06164366806041391 0.02308245063401657
-1.4454454454454453 0.1318484212548923 0.05126656299450817
-1.4374374374374375 0.10820399857272814 0.03162016028312603
-1.4294294294294296 0.10803684769480121 0.042840465225016215
-1.4214214214214214 0.02991922348138023 0.005863699834236774
-1.4134134134134135 0.2757755679097263 0.08603519863543081
-1.4054054054054053 0.1655315156360287 0.05981193890525086
-1.3973973973973974 0.18987469304684446 0.060243447801572744
-1.3893893893893896 0.14878397172305358 0.057003339924906145
-1.3813813813813813 0.13374143994542717 0.04785418731696112
-1.3733733733733735 0.08856975106697615 0.047916230241443605
-1.3653653653653652 0.2351986219525224 0.08375021295265607
-1.3573573573573574 0.137300656738227 0.04416396218064048
-1.3493493493493496 0.06557074115859118 0.0201896697936634
-1.3413413413413413 0.054255781304114736 0.01735715205452165
-1.3333333333333335 0.11411257757897793 0.05198738619915302
-1.3253253253253252 0.14176462701760773 0.05419187717022275
-1.3173173173173174 0.1427871415921952 0.06460760512411919
-1.3093093093093096 0.16791641440522714 0.06254207301033961
-1.3013013013013013 0.07489119806418765 0.036444322835841224
-1.2932932932932935 0.120675988377192 0.04936679191219885
-1.2852852852852852 0.11062105169569032 0.04568949579220809
-1.2772772772772774 0.16302293405632645 0.057326511852664096
-1.269269269269269 0.20407503330771334 0.0697494356387927
-1.2612612612612613 0.09889428020720827 0.04276751632577145
-1.2532532532532534 0.06792657810681696 0.038463489183085946
-1.2452452452452452 0.11909857380241506 0.04771312583327853
-1.2372372372372373 0.038283960132335995 0.011448838595644096
-1.229229229229229 0.10955473601253869 0.054837162695793897
-1.2212212212212212 0.186375119447073 0.06972278152884778
-1.2132132132132134 0.07933670317165391 0.04174306810469791
-1.2052052052052051 0.05082250514552233 0.02735379134119197
-1.1971971971971973 0.027764358440143848 0.008182019884389586
-1.189189189189189 0.1105145710727074 0.04445910009349567
-1.1811811811811812 0.02125643982218747 0.0060591967652037755
-1.1731731731731734 0.21213284466810534 0.07548381726046881
-1.165165165165165 0.07052495197244489 0.029537649742677235
-1.1571571571571573 0.10429620908271606 0.034331293289046425
-1.149149149149149 0.10137834057058263 0.04783926696553358
-1.1411411411411412 0.07208565582335283 0.02921031643441244
-1.1331331331331334 0.11125770630521596 0.05443400204233047
-1.125125125125125 0.0875743842254869 0.04004536579670104
-1.1171171171171173 0.0705725999015091 0.03875782961354446
-1.109109109109109 0.16823126713256942 0.06019918813138841
-1.1011011011011012 0.17306220677748263 0.0657649383759543
-1.0930930930930933 0.062257191097252335 0.024420114400186748
-1.085085085085085 0.11859628663229917 0.05128190043339947
-1.0770770770770772 0.08365197306293636 0.03610633281575995
-1.069069069069069 0.06957439210697984 0.027417814195298464
-1.0610610610610611 0.08120035539627614 0.03858547113236188
-1.0530530530530529 0.08175891678831272 0.03981576907378431
-1.045045045045045 0.07371560744252627 0.030446143928221054
-1.0370370370370372 0.1590717711122281 0.06455986799271116
-1.029029029029029 0.08616671866143921 0.03429396513066357
-1.021021021021021 0.04985514833800308 0.015312792123149677
-1.0130130130130128 0.11535024949894063 0.049286618387806284
-1.005005005005005 0.05761937156339808 0.036701902835454915
-0.9969969969969972 0.14910663697297255 0.05386423414518931
-0.9889889889889889 0.1446968230268043 0.05756488641345635
-0.9809809809809811 0.09014829909531437 0.044738559375504125
-0.9729729729729728 0.10331852823176048 0.04267076873094638
-0.964964964964965 0.05183463808677753 0.023527005579218725
-0.9569569569569571 0.14267679302275002 0.058476675297529875
-0.9489489489489489 0.09792396581206043 0.03900782267556213
-0.940940940940941 0.10360479177386007 0.03665445516962769
-0.9329329329329328 0.1804909291278206 0.0749067171730362
-0.924924924924925 0.060662904866355956 0.030325188569156312
-0.9169169169169171 0.0814061619583717 0.04407140239597128
-0.9089089089089089 0.04132471453142844 0.015975562002844564
-0.900900900900901 0.0528488994878167 0.017344662073173357
-0.8928928928928928 0.12192251318549246 0.0541228131898494
-0.8848848848848849 0.2342149051428498 0.07858761484581456
-0.8768768768768771 0.07757853037899501 0.032130988617472045
-0.8688688688688688 0.11968551986797898 0.04405397088648958
-0.860860860860861 0.09215218222342553 0.05135205926542704
-0.8528528528528527 0.10134065296900674 0.044782558100346495
-0.8448448448448449 0.11714641438986355 0.059799873601221964
-0.8368368368368371 0.15399545373927917 0.057081300619541454
-0.8288288288288288 0.050886355350175945 0.027952690129625597
-0.820820820820821 0.11460800472177865 0.05103408817966905
-0.8128128128128127 0.07552272356521983 0.043434789549801504
-0.8048048048048049 0.08730255679902761 0.04308239317942179
-0.796796796796797 0.09522564276392793 0.0413600493858535
-0.7887887887887888 0.020502852892613773 0.005493561993623222
-0.780780780780781 0.09347197317488234 0.044742814505096484
-0.7727727727727727 0.12099188573855514 0.047941001056496534
-0.7647647647647648 0.025065107904240245 0.011129621535338457
-0.7567567567567566 0.04434693630521245 0.020772048726007134
-0.7487487487487487 0.0755251173264466 0.044535388364501015
-0.7407407407407409 0.10640266337789991 0.04207086176565451
-0.7327327327327327 0.06129248202457801 0.026287885781508445
-0.7247247247247248 0.10913069776534821 0.04583331211293526
-0.7167167167167166 0.021797431019134058 0.006214896426970236
-0.7087087087087087 0.0511887783687317 0.020199775378899897
-0.7007007007007009 0.07410570560375254 0.03780813045567513
-0.6926926926926926 0.09268735207101197 0.041146843765692394
-0.6846846846846848 0.0651838196886889 0.04016784189918091
-0.6766766766766765 0.08462994841561877 0.039681843793497824
-0.6686686686686687 0.07151868259812799 0.03259112897736028
-0.6606606606606609 0.04544075353225551 0.017077144292382586
-0.6526526526526526 0.06853910865975577 0.0384346362572026
-0.6446446446446448 0.0791302540667591 0.04388670487021266
-0.6366366366366365 0.03867302024504328 0.01652113334747375
-0.6286286286286287 0.11310891123594019 0.052217459597819545
-0.6206206206206208 0.10696960054084227 0.044939822435459666
-0.6126126126126126 0.06260473007499509 0.029048662910093948
-0.6046046046046047 0.10007596691470808 0.046810736885178776
-0.5965965965965965 0.096548776429153 0.055116553201848495
-0.5885885885885886 0.15269349847145341 0.0686076004783306
-0.5805805805805808 0.1680263873864523 0.06596847500228174
-0.5725725725725725 0.06392965643094954 0.028836037133740822
-0.5645645645645647 0.07925465767642112 0.040317509828073916
-0.5565565565565564 0.0994433042977906 0.045948261854561155
-0.5485485485485486 0.11369396427887246 0.053704426230007304
-0.5405405405405403 0.052621746658533856 0.025240091804154707
-0.5325325325325325 0.03267325916766552 0.022024887820560266
-0.5245245245245247 0.10591499546701431 0.04517114425034703
-0.5165165165165164 0.11899669423703228 0.05482729702872843
-0.5085085085085086 0.05491364590775337 0.028481211668704
-0.5005005005005003 0.17704585655780247 0.05985409578381853
-0.4924924924924925 0.016766303671145913 0.004827645633172909
-0.48448448448448467 0.04135191750828645 0.01548344045220634
-0.4764764764764764 0.15066436954855972 0.05947497177033751
-0.46846846846846857 0.06196608790021497 0.03327962723254181
-0.4604604604604603 0.08554850104243354 0.044821806933483
-0.45245245245245247 0.07042569237546198 0.04085550767146646
-0.44444444444444464 0.09177603307558062 0.03345565078892464
-0.43643643643643637 0.12540388628238064 0.0573202682776401
-0.42842842842842854 0.06305289263035156 0.04171449795392472
-0.42042042042042027 0.06904004303502924 0.0410831127917057
-0.41241241241241244 0.13270036322606701 0.06221208980248404
-0.4044044044044046 0.0752862260233943 0.04237609792923808
-0.39639639639639634 0.0805156046000303 0.04534279381327934
-0.3883883883883885 0.02867917384890405 0.00816375437879544
-0.38038038038038025 0.027317488340648895 0.011113230571679176
-0.3723723723723724 0.11252832856485154 0.04707445343443118
-0.3643643643643646 0.09638089642115044 0.045091873635478154
-0.3563563563563563 0.055082365596650744 0.02176178142443127
-0.3483483483483485 0.027235417919636542 0.009383392634614306
-0.3403403403403402 0.05635284411757709 0.028885179810777893
-0.3323323323323324 0.041704453243764976 0.020861861497226315
-0.32432432432432456 0.06480713056033799 0.03152401362135105
-0.3163163163163163 0.07773216181331678 0.026282162097381698
-0.30830830830830847 0.03523198387571325 0.014190874733627753
-0.3003003003003002 0.08816719630319729 0.03911996627169181
-0.29229229229229237 0.06743836611220054 0.040572887392173504
-0.28428428428428454 0.020967647830660487 0.008888296344301874
-0.27627627627627627 0.0323381035541759 0.014488374589537998
-0.26826826826826844 0.022138374773304433 0.011488634857561443
-0.26026026026026017 0.06306380104010748 0.03262664503883602
-0.25225225225225234 0.12860305002972142 0.0541472683852703
-0.24424424424424407 0.07018064570965123 0.03356013463688418
-0.23623623623623624 0.10620861107979605 0.050605857977298656
-0.2282282282282284 0.14706863581727936 0.06632310574982989
-0.22022022022022014 0.06096460205753004 0.02796988048487838
-0.21221221221221231 0.1217124715813038 0.051611325688440776
-0.20420420420420404 0.048764618024983136 0.021509211525760907
-0.19619619619619622 0.13775069357509995 0.06000254466513445
-0.1881881881881884 0.023830495065146454 0.00799182262689298
-0.18018018018018012 0.06391319249003696 0.019734070856163945
-0.1721721721721723 0.1434366271553258 0.059385089697511266
-0.16416416416416402 0.0973829346436113 0.04657403268158541
-0.1561561561561562 0.07683675399939224 0.032913660585674485
-0.14814814814814836 0.12967912176247234 0.05706839503521358
-0.1401401401401401 0.1258948793005847 0.056441360171485974
-0.13213213213213226 0.06449346217070696 0.04006999780607279
-0.12412412412412399 0.09252627481571099 0.04375173601025744
-0.11611611611611616 0.029138041475966242 0.016756697607988563
-0.10810810810810834 0.04070271859686517 0.014953568909902841
-0.10010010010010006 0.07595669595800024 0.037292809416217515
-0.09209209209209224 0.021105527818576584 0.007006461122752057
-0.08408408408408397 0.03149910933510083 0.016528352697228656
-0.07607607607607614 0.06893893702067144 0.04282751103316405
-0.06806806806806831 0.011518327571668588 0.004605876323391847
-0.06006006006006004 0.04499478938891344 0.014685123339798498
-0.05205205205205221 0.0626937779432334 0.03245187639023875
-0.04404404404404394 0.03918688363600042 0.016242665406186182
-0.03603603603603611 0.04213663773597832 0.02077829440010792
-0.02802802802802784 0.12461639768536066 0.055601753719890956
-0.020020020020020013 0.1188486735704646 0.05289182480212543
-0.012012012012012185 0.09799640011569512 0.04484929853352461
-0.004004004004003914 0.11297128054991508 0.041539408000252735
0.004004004004004358 0.11297128054912185 0.0415394079999762
0.012012012012012185 0.09799640011498677 0.04484929853304955
0.020020020020020013 0.11884867357029319 0.05289182480201402
0.02802802802802784 0.12461639768487413 0.05560175371958312
0.03603603603603567 0.042136637735858615 0.020778294400037166
0.044044044044044384 0.03918688363591339 0.01624266540611086
0.05205205205205221 0.0626937779429598 0.03245187638985439
0.06006006006006004 0.04499478938899871 0.01468512333988655
0.06806806806806787 0.011518327571698213 0.004605876323423069
0.0760760760760757 0.06893893702061424 0.04282751103306213
0.08408408408408441 0.03149910933492762 0.01652835269710982
0.09209209209209224 0.021105527818612274 0.007006461122759507
0.10010010010010006 0.07595669595815452 0.037292809416329516
0.10810810810810789 0.040702718596395154 0.01495356890958185
0.11611611611611572 0.029138041475913586 0.016756697607951537
0.12412412412412444 0.09252627481601544 0.043751736010222406
0.13213213213213226 0.06449346217097038 0.04006999780634733
0.1401401401401401 0.12589487930053994 0.05644136017151509
0.14814814814814792 0.12967912176385257 0.057068395035937663
0.15615615615615575 0.076836753999006 0.03291366058552642
0.16416416416416446 0.09738293464367623 0.04657403268177533
0.1721721721721723 0.14343662715668037 0.059385089698018236
0.18018018018018012 0.06391319248985144 0.019734070856018908
0.18818818818818794 0.023830495065107298 0.007991822626853733
0.19619619619619577 0.1377506935750081 0.06000254466511281
0.2042042042042045 0.048764618024024105 0.02150921152507018
0.21221221221221231 0.12171247158160904 0.05161132568865245
0.22022022022022014 0.06096460205786418 0.02796988048509005
0.22822822822822797 0.1470686358169286 0.0663231057496576
0.2362362362362358 0.10620861107986244 0.05060585797745736
0.2442442442442445 0.07018064570998604 0.033560134637125635
0.25225225225225234 0.12860305002960606 0.054147268385303975
0.26026026026026017 0.06306380104062413 0.03262664503922527
0.268268268268268 0.022138374773235273 0.011488634857513965
0.2762762762762758 0.03233810355389854 0.014488374589286266
0.28428428428428454 0.0209676478306962 0.008888296344316511
0.29229229229229237 0.06743836611233664 0.04057288739226873
0.3003003003003002 0.08816719630375301 0.03911996627215391
0.308308308308308 0.03523198387561801 0.014190874733534215
0.31631631631631585 0.07773216181295682 0.026282162097262352
0.32432432432432456 0.06480713056101212 0.03152401362187648
0.3323323323323324 0.04170445324409721 0.020861861497472087
0.3403403403403402 0.05635284411773075 0.028885179810790234
0.34834834834834805 0.02723541791955536 0.009383392634539819
0.3563563563563559 0.05508236559661636 0.021761781424389837
0.3643643643643646 0.0963808964207241 0.045091873635418785
0.3723723723723724 0.1125283285643381 0.04707445343423545
0.38038038038038025 0.02731748834075839 0.011113230571778179
0.3883883883883881 0.028679173848856994 0.008163754378753255
0.3963963963963968 0.08051560459934388 0.04534279381305285
0.4044044044044046 0.07528622602364014 0.042376097929415976
0.41241241241241244 0.13270036322642317 0.062212089802663746
0.42042042042042027 0.06904004303508864 0.041083112791811864
0.4284284284284281 0.06305289263026223 0.041714497953793686
0.4364364364364368 0.1254038862810903 0.05732026827702585
0.44444444444444464 0.09177603307620634 0.03345565078909704
0.45245245245245247 0.070425692376796 0.04085550767231089
0.4604604604604603 0.08554850104224077 0.044821806933532
0.4684684684684681 0.061966087900765236 0.03327962723292359
0.47647647647647684 0.15066436954692017 0.05947497176949355
0.48448448448448467 0.04135191750865963 0.01548344045241732
0.4924924924924925 0.01676630367120775 0.004827645633222395
0.5005005005005003 0.17704585655691013 0.05985409578339992
0.5085085085085082 0.05491364590858834 0.028481211669332065
0.5165165165165169 0.11899669423787972 0.05482729702943244
0.5245245245245247 0.10591499546763092 0.04517114425044395
0.5325325325325325 0.03267325916843607 0.02202488782134083
0.5405405405405403 0.0526217466590561 0.025240091804427173
0.5485485485485482 0.11369396427695029 0.053704426228907004
0.5565565565565569 0.09944330429651144 0.045948261853962176
0.5645645645645647 0.0792546576762759 0.040317509827981796
0.5725725725725725 0.06392965642921605 0.028836037132629895
0.5805805805805804 0.1680263873864404 0.06596847500225467
0.5885885885885882 0.15269349847288916 0.06860760047924744
0.5965965965965969 0.09654877642914833 0.05511655320182617
0.6046046046046047 0.10007596691494502 0.046810736885503995
0.6126126126126126 0.06260473007496678 0.029048662910187175
0.6206206206206204 0.10696960054229701 0.04493982243642705
0.6286286286286282 0.11310891123645782 0.05221745959824245
0.6366366366366369 0.0386730202450435 0.016521133347374914
0.6446446446446448 0.07913025406668314 0.04388670487022642
0.6526526526526526 0.068539108660417 0.038434636257751766
0.6606606606606604 0.045440753531909926 0.017077144292138347
0.6686686686686683 0.07151868259769949 0.032591128977077236
0.676676676676677 0.08462994841581384 0.039681843793418055
0.6846846846846848 0.06518381968783021 0.04016784189847133
0.6926926926926926 0.09268735206986393 0.04114684376483859
0.7007007007007005 0.07410570560403802 0.03780813045610102
0.7087087087087083 0.051188778368462105 0.020199775378680604
0.716716716716717 0.021797431019161793 0.0062148964269795205
0.7247247247247248 0.10913069776598644 0.045833312113151406
0.7327327327327327 0.06129248202540455 0.026287885782295146
0.7407407407407405 0.10640266337732614 0.04207086176488764
0.7487487487487483 0.07552511732637408 0.044535388364546444
0.756756756756757 0.04434693630413521 0.020772048725352227
0.7647647647647648 0.02506510790451439 0.011129621535616778
0.7727727727727727 0.12099188574021422 0.047941001057506136
0.7807807807807805 0.0934719731773913 0.044742814506304227
0.7887887887887883 0.020502852892768885 0.00549356199369448
0.796796796796797 0.09522564276530263 0.041360049386465064
0.8048048048048049 0.08730255679897468 0.04308239317943928
0.8128128128128127 0.07552272356479267 0.04343478954959545
0.8208208208208205 0.1146080047218698 0.05103408817978214
0.8288288288288284 0.050886355350200814 0.027952690129526444
0.8368368368368371 0.15399545374092946 0.057081300620354714
0.8448448448448449 0.11714641438889184 0.05979987360070551
0.8528528528528527 0.1013406529702632 0.044782558101105666
0.8608608608608606 0.0921521822238704 0.051352059265623785
0.8688688688688693 0.1196855198679314 0.04405397088616909
0.8768768768768771 0.07757853037876777 0.03213098861738659
0.8848848848848849 0.2342149051422638 0.07858761484512738
0.8928928928928928 0.12192251318410047 0.05412281318929287
0.9009009009009006 0.05284889948641908 0.01734466207252983
0.9089089089089093 0.04132471453170586 0.015975562003075885
0.9169169169169171 0.08140616195744432 0.04407140239569067
0.924924924924925 0.060662904866278504 0.030325188568885466
0.9329329329329328 0.1804909291289398 0.0749067171735295
0.9409409409409406 0.10360479177813368 0.03665445517199018
0.9489489489489493 0.09792396581207703 0.03900782267585018
0.9569569569569571 0.1426767930245222 0.05847667529877144
0.964964964964965 0.051834638086281255 0.023527005578994058
0.9729729729729728 0.10331852823067461 0.04267076873049523
0.9809809809809806 0.09014829909584915 0.044738559375416063
0.9889889889889893 0.14469682302811612 0.05756488641392532
0.9969969969969972 0.1491066369739591 0.05386423414588714
1.005005005005005 0.0576193715645169 0.03670190283683271
1.0130130130130128 0.11535024949749269 0.04928661838685231
1.0210210210210207 0.04985514833873055 0.015312792123491875
1.0290290290290294 0.08616671866117263 0.034293965130501876
1.0370370370370372 0.15907177111292253 0.06455986799295636
1.045045045045045 0.07371560744202439 0.030446143927895377
1.0530530530530529 0.08175891678927695 0.03981576907437743
1.0610610610610607 0.08120035539855364 0.03858547113401676
1.0690690690690694 0.069574392108448 0.027417814196247187
1.0770770770770772 0.08365197306308723 0.03610633281631978
1.085085085085085 0.11859628663306855 0.05128190043407147
1.0930930930930929 0.0622571910964758 0.024420114399445136
1.1011011011011007 0.17306220677719247 0.06576493837562597
1.1091091091091094 0.16823126712932007 0.06019918813024734
1.1171171171171173 0.07057259990066425 0.03875782961306356
1.125125125125125 0.08757438422434613 0.04004536579601612
1.133133133133133 0.11125770630693628 0.0544340020429276
1.1411411411411407 0.0720856558219355 0.029210316433549897
1.1491491491491495 0.1013783405709465 0.04783926696585557
1.1571571571571573 0.10429620908513088 0.034331293290216496
1.165165165165165 0.07052495197376908 0.029537649743497967
1.173173173173173 0.2121328446710055 0.07548381726185689
1.1811811811811808 0.021256439822061345 0.006059196765174039
1.1891891891891895 0.11051457107123241 0.044459100093553035
1.1971971971971973 0.027764358440434265 0.00818201988458614
1.2052052052052051 0.050822505145982376 0.027353791341686366
1.213213213213213 0.07933670316833445 0.04174306810214571
1.2212212212212208 0.18637511944604876 0.06972278152807451
1.2292292292292295 0.10955473601155671 0.05483716269501342
1.2372372372372373 0.03828396013280016 0.011448838596052507
1.2452452452452452 0.11909857380400031 0.04771312583439723
1.253253253253253 0.0679265781087594 0.03846348918486988
1.2612612612612608 0.09889428020954003 0.04276751632702457
1.2692692692692695 0.20407503331006643 0.06974943563929986
1.2772772772772774 0.16302293405623985 0.05732651185224308
1.2852852852852852 0.11062105169147289 0.04568949578931877
1.293293293293293 0.12067598837437878 0.04936679191046455
1.3013013013013008 0.07489119806527782 0.036444322836202324
1.3093093093093096 0.16791641440343805 0.0625420730090775
1.3173173173173174 0.14278714159029693 0.06460760512332564
1.3253253253253252 0.14176462701824152 0.054191877170039836
1.333333333333333 0.11411257757859365 0.051987386198379504
1.3413413413413409 0.05425578130195261 0.017357152053314503
1.3493493493493496 0.06557074115786357 0.020189669793121246
1.3573573573573574 0.13730065673615474 0.044163962179242205
1.3653653653653652 0.23519862195346156 0.08375021295291063
1.373373373373373 0.08856975106511082 0.04791623024036498
1.381381381381381 0.1337414399497696 0.04785418731895276
1.3893893893893896 0.14878397171998592 0.05700333992370246
1.3973973973973974 0.18987469304890006 0.06024344780245364
1.4054054054054053 0.16553151563454838 0.0598119389052315
1.413413413413413 0.27577556790880514 0.08603519863497436
1.4214214214214218 0.029919223481313536 0.005863699834251211
1.4294294294294296 0.10803684769349471 0.04284046522422068
1.4374374374374375 0.10820399857412646 0.031620160283534864
1.4454454454454453 0.1318484212565207 0.05126656299464658
1.4534534534534531 0.06164366806012011 0.023082450633905034
1.4614614614614618 0.24490022712352955 0.0843986643575713
1.4694694694694697 0.23615637268904516 0.07632916412583668
1.4774774774774775 0.16577017009337416 0.053706302244029426
1.4854854854854853 0.33242726451897203 0.09644124874068755
1.4934934934934931 0.14929438926623928 0.04697070561137161
1.5015015015015019 0.16410859891137305 0.05894524118074685
1.5095095095095097 0.1405177713272185 0.049621502442363644
1.5175175175175175 0.15062367777795213 0.057911668599486654
1.5255255255255253 0.2733463390368474 0.0787391058064893
1.5335335335335332 0.12471860861761283 0.05037813109095009
1.5415415415415419 0.1982189936458524 0.06321368676173954
1.5495495495495497 0.13878739183893718 0.04593435283204895
1.5575575575575575 0.2105365267948756 0.0596758830237387
1.5655655655655654 0.1555062916176135 0.043906651898529485
1.5735735735735732 0.24685453166337376 0.07498958075606435
1.581581581581582 0.23082615340860585 0.07058019851035231
1.5895895895895897 0.14530089219893766 0.046333722026830386
1.5975975975975976 0.18246722807001076 0.057525813410305646
1.6056056056056054 0.23049858130587425 0.07328490010134495
1.6136136136136132 0.11694600086627661 0.03281515351592167
1.621621621621622 0.27420988696131376 0.08212345398838132
1.6296296296296298 0.22627707018869528 0.06804669334066382
1.6376376376376376 0.08214972719119272 0.037377888358950354
1.6456456456456454 0.23972848877698477 0.06813532858179955
1.6536536536536532 0.1633325982360497 0.04447061751490671
1.661661661661662 0.18583919929772166 0.06694246875238193
1.6696696696696698 0.18151692952975795 0.05045941129623382
1.6776776776776776 0.13070727284597963 0.03592080656379802
1.6856856856856854 0.2698405573060601 0.07823732337174776
1.6936936936936933 0.1111006964216088 0.0371483437038659
1.701701701701702 0.2610620760880972 0.07532006060022844
1.7097097097097098 0.15844793091807818 0.05279456764058966
1.7177177177177176 0.2198939166540844 0.07098294927263517
1.7257257257257255 0.2964110790277392 0.08924750113647949
1.7337337337337333 0.05927285099715301 0.011988151819088895
1.741741741741742 0.09086366778973957 0.026939840656342487
1.7497497497497498 0.22450879582985897 0.0662463391932694
1.7577577577577577 0.21261586650411032 0.06712324260049714
1.7657657657657655 0.25519275377685824 0.07246632281182265
1.7737737737737733 0.27089232719227363 0.08068133727801133
1.781781781781782 0.4344057437440533 0.10816501583706944
1.7897897897897899 0.11750413124900154 0.036626910338055846
1.7977977977977977 0.29010844167378536 0.08750956211010942
1.8058058058058055 0.24109972609068653 0.07054084719505864
1.8138138138138133 0.10430116458757396 0.02461650723931404
1.821821821821822 0.15928634327932195 0.04222566185752647
1.82982982982983 0.2927734124506413 0.08267476569621579
1.8378378378378377 0.357079889199426 0.08742317614979304
1.8458458458458455 0.3230013086147852 0.07928777932259891
1.8538538538538534 0.18641712377143405 0.056485426974490945
1.861861861861862 0.18993857570446873 0.0583269484213019
1.86986986986987 0.21352221137776964 0.06827114764399259
1.8778778778778777 0.2208558531670765 0.05737707400585053
1.8858858858858856 0.225001452409644 0.06358336769848075
1.8938938938938943 0.37298562634995497 0.08449581866570419
1.9019019019019021 0.13732988891221296 0.03336681646642473
1.90990990990991 0.3315817219849248 0.08987251911432621
1.9179179179179178 0.10536826822272975 0.02900161776148209
1.9259259259259256 0.3774863772750646 0.09549146648506994
1.9339339339339343 0.23179238921044992 0.05864157369268514
1.9419419419419421 0.2601714639773715 0.07692849712987239
1.94994994994995 0.20685531262170562 0.056608717826631266
1.9579579579579578 0.3681689325342166 0.0888793890144699
1.9659659659659656 0.2993140595728417 0.07475621270750482
1.9739739739739743 0.3760296805517221 0.08444370394389775
1.9819819819819822 0.22618195659793325 0.054917541033945576
1.98998998998999 0.36601241583703736 0.08503845381305368
1.9979979979979978 0.44468095805290137 0.10839461624280036
2.0060060060060056 0.2853921384566944 0.07651821095057622
2.0140140140140144 0.3334579547449421 0.09066061278616279
2.022022022022022 0.31122243675708766 0.07354264994751455
2.03003003003003 0.4499955899530742 0.0987157394961294
2.038038038038038 0.26465332144437104 0.07211552374049275
2.0460460460460457 0.3151704748883806 0.08354685425007702
2.0540540540540544 0.29218260650813954 0.07971633540166372
2.062062062062062 0.28510537439013406 0.07687535877763658
2.07007007007007 0.31580550985257066 0.0761773579103724
2.078078078078078 0.3998262587458096 0.09549880399089852
2.0860860860860857 0.25124242471974023 0.07415753810199147
2.0940940940940944 0.17999935465757394 0.06185732110360318
2.1021021021021022 0.2973525142798721 0.08171848194864177
2.11011011011011 0.2719505651857356 0.07188397993980125
2.118118118118118 0.19490896644275768 0.04729713646901248
2.1261261261261257 0.2530084697292457 0.06440354098458818
2.1341341341341344 0.20531950178835898 0.055979611834275946
2.1421421421421423 0.17756980790094107 0.050603319835805245
2.15015015015015 0.19124947607834814 0.05860951678740139
2.158158158158158 0.21097220344929155 0.053480084333309814
2.1661661661661658 0.3618223002219081 0.08538121717258326
2.1741741741741745 0.2328614988279305 0.06296874824126848
2.1821821821821823 0.3018620237280737 0.08059760458811711
2.19019019019019 0.286999074938025 0.0826121937433949
2.198198198198198 0.27552876038333346 0.07595874770300583
2.2062062062062058 0.2585700842883172 0.07630898411422606
2.2142142142142145 0.17300165042753698 0.05979025229641463
2.2222222222222223 0.3127070719448494 0.0823937641364409
2.23023023023023 0.5253330605887762 0.11064043603307157
2.238238238238238 0.3115204794523348 0.08291444651507107
2.246246246246246 0.0848833187820522 0.017047110805956275
2.2542542542542545 0.2355970514634302 0.06407852727514644
2.2622622622622623 0.37523278628968115 0.09473110383152343
2.27027027027027 0.16688373044776178 0.05652382012342379
2.278278278278278 0.34981450395018426 0.08495960620409805
2.286286286286286 0.21754142105430133 0.06153392410689194
2.2942942942942945 0.2088341725750847 0.0625953691371265
2.3023023023023024 0.12172025592729321 0.030639295873247995
2.31031031031031 0.4302230009442435 0.10964508737824552
2.318318318318318 0.2593436796181871 0.06761619922043492
2.326326326326326 0.26229262302129397 0.0650007367856419
2.3343343343343346 0.4006322858125679 0.09393187556188251
2.3423423423423424 0.23196913725792337 0.0740849461231667
2.3503503503503502 0.5579539346453524 0.11758446111422977
2.358358358358358 0.13407995039682197 0.037958583879164405
2.366366366366366 0.25817107132924655 0.07224912636717296
2.3743743743743746 0.31513285902757915 0.08364693850965299
2.3823823823823824 0.24347136242310413 0.05513119415486343
2.3903903903903903 0.149266274056214 0.043816671918400246
2.398398398398398 0.12460727029857867 0.029448369148430468
2.406406406406406 0.28558752590684344 0.07245554489271938
2.4144144144144146 0.2761812296263681 0.07612631391953319
2.4224224224224224 0.3261478885463952 0.09010324500991575
2.4304304304304303 0.18709669035231447 0.05830730873950389
2.438438438438438 0.18030660499681747 0.05712900671854819
2.446446446446447 0.14082128593920035 0.037385798755571936
2.4544544544544546 0.24624228719609054 0.06004353006137484
2.4624624624624625 0.20200655657002645 0.05852132155236928
2.4704704704704703 0.454862570599828 0.10759441542265362
2.478478478478478 0.23578893260840914 0.06890705640982188
2.486486486486487 0.30033269670781637 0.07686107574739384
2.4944944944944947 0.33605475379534633 0.08731439220357988
2.5025025025025025 0.3510473202780435 0.08851722361320445
2.5105105105105103 0.16834547644990241 0.032718867454544845
2.518518518518518 0.18561389516941168 0.06209398230175723
2.526526526526527 0.2393921996850058 0.06556287164029054
2.5345345345345347 0.2107726507846104 0.06630979497151632
2.5425425425425425 0.2017517552133059 0.0632703258837117
2.5505505505505504 0.23961664785406817 0.06684703759202713
2.558558558558558 0.1877161247587043 0.058218186260622355
2.566566566566567 0.18928343737598752 0.05227982431674633
2.5745745745745747 0.16064218471271957 0.05613203594251835
2.5825825825825826 0.25180457217998486 0.0712153236047463
2.5905905905905904 0.20748668881072244 0.06903588771119956
2.598598598598598 0.2441223005564126 0.07490088283538288
2.606606606606607 0.25643315422955837 0.08353049020175715
2.6146146146146148 0.3735584381829791 0.09552524738547596
2.6226226226226226 0.20448572276119775 0.047436085355105136
2.6306306306306304 0.14205098442261746 0.04981499398826576
2.6386386386386382 0.23410090161886363 0.07422128372403619
2.646646646646647 0.18147908017344466 0.05049223830732825
2.6546546546546548 0.2660911592486628 0.07514793476757017
2.6626626626626626 0.33454318644372627 0.08569586056059593
2.6706706706706704 0.20214540655940486 0.06254176903940169
2.6786786786786783 0.11902807356649207 0.03553155060137038
2.686686686686687 0.2563131998899305 0.07886018338319879
2.694694694694695 0.327865421753828 0.09326439182215682
2.7027027027027026 0.1750807097046616 0.054491034732579845
2.7107107107107105 0.29459133169605106 0.06469998172728225
2.7187187187187183 0.36110174644802545 0.09503390854487341
2.726726726726727 0.32324480069120826 0.09070179154248738
2.734734734734735 0.16971858886412244 0.05619506276720944
2.7427427427427427 0.4254749470337159 0.10538409858721623
2.7507507507507505 0.2227870960586313 0.06135660652416074
2.7587587587587583 0.18366550326841705 0.04818938442891044
2.766766766766767 0.41210145777678475 0.10096206349250077
2.774774774774775 0.20195105320959697 0.06533338553519362
2.7827827827827827 0.35454736101511264 0.08967190429999462
2.7907907907907905 0.16357524145178098 0.04811628244576393
2.7987987987987983 0.1514411818247006 0.05180592261725766
2.806806806806807 0.35215359888319003 0.08450411594798841
2.814814814814815 0.3132444017026126 0.08844160614507149
2.8228228228228227 0.2342685134829027 0.05774730259963313
2.8308308308308305 0.17475623390278752 0.060526523981745746
2.8388388388388384 0.21315484210764074 0.06961390685268595
2.846846846846847 0.13944605818040592 0.04201537215279589
2.854854854854855 0.038833312073914564 0.011408174457470867
2.8628628628628627 0.09028362532385319 0.044879819788440994
2.8708708708708706 0.20258988433439798 0.06669865921464427
2.8788788788788784 0.236060646442207 0.07791346379757823
2.886886886886887 0.22233049402265814 0.07567169872419224
2.894894894894895 0.2473756739666354 0.08144565693672087
2.9029029029029028 0.24717655878419445 0.06570396334432982
2.9109109109109106 0.07952033139261264 0.029100931622457114
2.9189189189189193 0.1849278824421551 0.051546909351055194
2.926926926926927 0.1353928249393137 0.05249618516800696
2.934934934934935 0.1264303354422279 0.04570192114500944
2.942942942942943 0.08200772084422019 0.029172131362666564
2.9509509509509506 0.0884912106956479 0.037627119901879245
2.9589589589589593 0.04725075095950179 0.02823226262252175
2.966966966966967 0.05329207144849012 0.016785154776617826
2.974974974974975 0.06179879560718645 0.02074640092238181
2.982982982982983 0.13163719281333464 0.05382992431828607
2.9909909909909906 0.04852112920243535 0.012899329761111068
2.9989989989989994 0.14122109624471138 0.04719534818209556
3.007007007007007 0.1285594867185047 0.04462910350081879
3.015015015015015 0.09204672128777938 0.034101443619950635
3.023023023023023 0.09052832690717323 0.050706429622408775
3.0310310310310307 0.006962965345033114 0.00219259904359799
3.0390390390390394 0.021017398791615703 0.009977888527262401
3.047047047047047 0.08953378188012635 0.05091768577800093
3.055055055055055 0.04040217827380788 0.031175589071314607
3.063063063063063 0.08926841024892454 0.04005834241473435
3.0710710710710707 0.02471363711725288 0.008229091935892809
3.0790790790790794 0.02230261280357318 0.013993675363817147
3.0870870870870872 0.0027248531260070283 0.0011362929171915787
3.095095095095095 0.01740881857959024 0.011352385165402589
3.103103103103103 0.027938493948275522 0.016141493543960807
3.1111111111111107 0.023062815854898035 0.012080438378334061
3.1191191191191194 0.0038908219493931427 0.002310479435775256
3.1271271271271273 0.0036839700437323385 0.0013817161742417817
3.135135135135135 0.01570417531982553 0.013927317992545082
3.143143143143143 0.003390720564695656 0.0023843406420139455
3.1511511511511507 0.02256333818217238 0.021368013530558876
3.1591591591591595 0.014727504897709241 0.01302374407495716
3.1671671671671673 0.01927187339638219 0.017145652938055783
3.175175175175175 0.00020142394476283535 5.019097714462589e-05
3.183183183183183 0.001830299678162147 0.0011622050415477892
3.1911911911911908 0.0059545601934604345 0.004153663811492154
3.1991991991991995 0.00022605076643064057 5.957133080896621e-05
3.2072072072072073 0.0003474616700744328 0.00013953868404846664
3.215215215215215 0.000662220237489674 0.0005809548462895134
3.223223223223223 0.00010370352337080425 4.777264338114834e-05
3.231231231231231 7.553086090784321e-05 2.2408808800130178e-05
3.2392392392392395 0.00010516868428462695 5.4141827290622504e-05
3.2472472472472473 0.00010886861362725724 7.051966363316918e-05
3.255255255255255 3.7283725628079394e-05 4.040319903556916e-06
3.263263263263263 3.2401159822920825e-05 1.5669940619401174e-06
3.271271271271271 3.0771880963280726e-05 1.699203325089505e-06
3.2792792792792795 3.3395517553864784e-05 5.890997889165531e-06
3.2872872872872874 0.0027144500020036028 0.0026883010802216077
3.295295295295295 3.20892208587799e-05 7.110779181909819e-06
3.303303303303303 2.5644761333026442e-05 1.695038977602735e-06
3.311311311311311 2.378108328684293e-05 7.502157747226311e-07
3.3193193193193196 2.2629000169763065e-05 4.291979584074364e-07
3.3273273273273274 2.1724327984637758e-05 2.8351568583714834e-07
3.335335335335335 2.0947479974219462e-05 2.051992732911935e-07
3.343343343343343 2.025331805496543e-05 1.5797805957088704e-07
3.351351351351351 1.9620057844467414e-05 1.2700856380763331e-07
3.3593593593593596 1.9035216120386513e-05 1.0535252047384087e-07
3.3673673673673674 1.8490709059604557e-05 8.943405378200766e-08
3.3753753753753752 1.798082526129452e-05 7.726388733261487e-08
3.383383383383383 1.750127066411697e-05 6.766411990999286e-08
3.391391391391391 1.7048669025695226e-05 5.989976797371724e-08
3.3993993993993996 1.6620277386165253e-05 5.3491237198759654e-08
3.4074074074074074 1.6213812128982894e-05 4.811327559095634e-08
3.4154154154154153 1.582733622037183e-05 4.353780215415915e-08
3.423423423423423 1.545918244739469e-05 3.9600153897878975e-08
3.431431431431431 1.5107898990368223e-05 3.6178395772819155e-08
3.4394394394394396 1.4772209498060937e-05 3.318020633840684e-08
3.4474474474474475 1.4450982957541436e-05 3.053431213248516e-08
3.4554554554554553 1.4143210407052484e-05 2.8184739856721443e-08
3.463463463463463 1.384798657184144e-05 2.608686415955786e-08
3.471471471471472 1.3564495132524327e-05 2.4204629387888933e-08
3.4794794794794797 1.3291996733377151e-05 2.2508557068047835e-08
3.4874874874874875 1.3029819097180478e-05 2.0974290647301168e-08
3.4954954954954953 1.277734878692272e-05 1.9581514875828656e-08
3.503503503503503 1.2534024273966418e-05 1.8313141175141335e-08
3.511511511511512 1.2299330056087946e-05 1.7154685002253775e-08
3.5195195195195197 1.2072791628878166e-05 1.6093783926151137e-08
3.5275275275275275 1.1853971157848792e-05 1.5119820290188503e-08
3.5355355355355353 1.1642463731142504e-05 1.4223622621607007e-08
3.543543543543543 1.1437894097266977e-05 1.339722704627486e-08
3.551551551551552 1.1239913810999682e-05 1.2633684937708403e-08
3.5595595595595597 1.1048198725088185e-05 1.1926906555616147e-08
3.5675675675675675 1.0862446776688201e-05 1.1271532967620797e-08
3.5755755755755754 1.0682376026422367e-05 1.066283039548874e-08
3.583583583583583 1.0507722915069433e-05 1.0096602486612641e-08
3.591591591591592 1.0338240708625514e-05 9.56911702542669e-09
3.5995995995995997 1.0173698107124848e-05 9.077044360025266e-09
3.6076076076076076 1.001387799640054e-05 8.617405396300645e-09
3.6156156156156154 9.858576325084103e-06 8.187527455998205e-09
3.6236236236236232 9.707601091721137e-06 7.785006635703513e-09
3.631631631631632 9.560771429027154e-06 7.407675568698607e-09
3.6396396396396398 9.417916774101795e-06 7.0535757021426495e-09
3.6476476476476476 9.278876114929003e-06 6.720933364863085e-09
3.6556556556556554 9.143497304765992e-06 6.408139032396031e-09
3.6636636636636633 9.01163643710495e-06 6.113729300129451e-09
3.671671671671672 8.883157274813325e-06 5.836371160665008e-09
3.67967967967968 8.757930727847007e-06 5.574848248425914e-09
3.6876876876876876 8.635834374607481e-06 5.328048769614425e-09
3.6956956956956954 8.516752022597367e-06 5.094954882196864e-09
3.7037037037037033 8.400573304532792e-06 4.874633327406529e-09
3.711711711711712 8.28719330650847e-06 4.666227143373099e-09
3.71971971971972 8.176512225191427e-06 4.468948319521918e-09
3.7277277277277276 8.06843505135123e-06 4.282071268896726e-09
3.7357357357357355 7.962871277324608e-06 4.104927015864943e-09
3.7437437437437433 7.859734626266935e-06 3.936898008441448e-09
3.751751751751752 7.75894280126646e-06 3.777413480141705e-09
3.75975975975976 7.660417252594597e-06 3.6259452947037892e-09
3.7677677677677677 7.564082961539319e-06 3.4820042158591086e-09
3.7757757757757755 7.469868239423102e-06 3.3451365540169826e-09
3.7837837837837833 7.377704540543318e-06 3.2149211454624042e-09
3.791791791791792 7.287526287894443e-06 3.090966626965343e-09
3.7997997997998 7.199270710639683e-06 2.9729089734259964e-09
3.8078078078078077 7.112877692395881e-06 2.8604092697999595e-09
3.8158158158158155 7.02828962948235e-06 2.753151690387466e-09
3.8238238238238234 6.945451298360585e-06 2.6508416660923336e-09
3.831831831831832 6.864309731561834e-06 2.553204218477942e-09
3.83983983983984 6.7848141014613145e-06 2.459982443172205e-09
3.8478478478478477 6.706915611313749e-06 2.370936128030381e-09
3.8558558558558556 6.630567393015482e-06 2.285840492434484e-09
3.8638638638638634 6.555724411103666e-06 2.2044850362072933e-09
3.871871871871872 6.482343372544432e-06 2.126672485567816e-09
3.87987987987988 6.410382641898689e-06 2.0522178292412634e-09
3.8878878878878878 6.339802161488133e-06 1.9809474343341946e-09
3.8958958958958956 6.270563376214636e-06 1.912698235554405e-09
3.9039039039039034 6.202629162713767e-06 1.8473169897749713e-09
3.911911911911912 6.135963762548448e-06 1.7846595911885778e-09
3.91991991991992 6.070532719171811e-06 1.724590441094133e-09
3.9279279279279278 6.006302818409171e-06 1.6669818664354097e-09
3.9359359359359356 5.943242032228146e-06 1.6117135849472883e-09
3.9439439439439443 5.881319465583431e-06 1.5586722104360316e-09
3.951951951951952 5.820505306138752e-06 1.5077507958040026e-09
3.95995995995996 5.760770776682794e-06 1.4588484116789927e-09
3.967967967967968 5.702088090069868e-06 1.4118697551607862e-09
3.9759759759759756 5.644430406527831e-06 1.3667247880434007e-09
3.9839839839839843 5.5877717931872415e-06 1.323328401999634e-09
3.991991991991992 5.532087185696205e-06 1.281600106898301e-09
4.0 5.477352351794594e-06 1.2414637427561576e-09
